张飞 2014011216 94 92 85 88 1321232
张三 2014011256 85 69 84 56 3121313
李四 2014011285 25 65 26 86 9523541
马武 2014011284 33 99 24 65 2654221
徐帅 2014011243 26 95 64 22 2358621
刘爽 2014011211 85 69 41 58 2358634
姜鹤 2014011233 25 96 41 28 3524681
何柳 2014011285 26 14 28 32 2014011
刘伟 2014012553 58 93 72 58 2332632
马赫 2014011259 66 33 69 98 1564646
王刚 2014011258 75 89 64 85 8456325
龙俊亨 2014011245 85 74 85 96 5311112
项少玲 2014011162 65 36 84 64 2153630
闫平 2014011265 98 74 58 28 3226626
汪廷栋 2014013324 58 63 84 95 2356238
师素芳 2014025533 45 85 69 12 3665965
安明玉 2014011215 63 89 84 75 5623335