Open High Low Close Volumn AdjClose
14.8 14.93 14.59 14.9 5266200 7.42
15.03 15.38 14.88 14.9 13947600 7.42
14.79 15 14.47 14.85 12226600 7.39
14.58 14.71 14.44 14.55 8201600 7.24
14.62 14.92 14.5 14.68 7687600 7.31
14.58 14.82 14.49 14.72 6253600 7.33
14.9 14.9 14.36 14.63 6390800 7.28
14.69 14.82 14.49 14.61 6673600 7.27
14.59 14.7 14.26 14.43 13254600 7.18
14.21 14.76 14.21 14.62 19966800 7.28
14.56 14.56 14.08 14.1 9527200 7.02
14.21 14.41 14 14.02 9052000 6.98
13.98 14.15 13.8 13.88 7683600 6.91
14.05 14.36 13.95 14.17 8152000 7.05
14.24 14.24 13.56 13.8 10909600 6.87
13.68 14.5 13.65 14.13 13978800 7.03
14.24 14.69 14.16 14.58 10223400 7.26
14.55 15.1 14.3 14.93 13323000 7.43
14.98 15.07 14.29 14.32 14537800 7.13
14.19 14.55 14.05 14.36 12186600 7.15
14.41 14.91 14.35 14.66 9456600 7.3
14.45 14.65 14.31 14.6 11336200 7.27
14.71 14.93 14.44 14.45 7914800 7.19
14.36 14.59 14.22 14.43 6398200 7.18
14.55 14.6 14.07 14.15 9632200 7.04
14.26 14.57 14.06 14.35 5996000 7.14
14.5 14.63 14.2 14.35 5885000 7.14
14.27 14.6 14.27 14.39 8167400 7.16
14.41 14.64 14.24 14.54 7446200 7.24
14.61 14.72 14.35 14.67 8689200 7.3
14.75 15.3 14.72 15.27 10389200 7.6
15.07 15.15 14.68 14.85 8584600 7.39
14.85 14.96 14.71 14.77 8012600 7.35
14.82 15.06 14.65 15 5623000 7.47
14.86 15.03 13.8 14.74 6437600 7.34
14.68 15.08 14.58 15.02 6737200 7.48
14.99 15.02 14.48 14.5 7753400 7.22
14.57 15 14.51 14.86 5512200 7.4
14.86 15.09 14.77 15.01 6967800 7.47
15.01 15.16 14.55 14.65 7277200 7.29
14.74 14.81 14.44 14.56 4514800 7.25
14.61 14.8 14.52 14.62 4524400 7.28
14.58 14.6 14.4 14.56 3566400 7.25
14.47 14.71 14.31 14.53 7178000 7.23
14.51 14.67 14.3 14.37 4806200 7.15
14.36 14.49 14.12 14.23 5756800 7.08
14.17 14.39 14.06 14.22 7948600 7.08
14.47 14.8 14.17 14.72 11980200 7.33
14.68 15.01 14.64 14.78 5467800 7.36
14.89 15.07 14.71 15.01 14282600 7.47
15 15.09 14.82 15 8213600 7.47
15.07 15.15 14.79 14.95 5047000 7.44
14.93 14.99 14.6 14.91 5827800 7.42
15.09 15.15 14.82 15 10641000 7.47
14.67 14.8 14.35 14.37 5753600 7.15
14.41 14.83 14.37 14.55 5989200 7.24
14.55 14.56 14.3 14.41 6369400 7.17
14.32 14.7 14.32 14.49 4371200 7.21
14.4 14.62 14.37 14.57 5189400 7.25
14.33 14.53 14.04 14.14 9166400 7.04
14.2 14.31 14.07 14.16 5512200 7.05
14.36 14.69 14.27 14.6 6120400 7.27
14.56 14.7 14.35 14.46 5204000 7.2
14.52 14.67 14.39 14.41 5215000 7.17
14.85 14.95 14.41 14.49 7030800 7.21
14.51 14.65 14.36 14.45 4604800 7.19
14.52 14.62 14.14 14.19 5240200 7.06
14.2 14.39 14.2 14.37 3825000 7.15
14.05 14.44 12.93 13.2 49739600 6.57
13.71 13.75 13.5 13.58 17962800 6.76
13.59 13.6 13.3 13.39 10856000 6.67
12.99 13.67 12.92 13.24 36292000 6.59
13.2 13.25 12.72 13.12 22009200 6.53
13.13 13.19 12.98 13.14 5440000 6.54
13.18 13.62 13.09 13.51 10734600 6.73
13.53 13.63 13.36 13.58 7488600 6.76
13.52 13.61 13 13.44 11611000 6.69
13.46 13.58 13.23 13.35 7332800 6.65
13.48 13.96 13.43 13.86 22742800 6.9
13.98 14.16 13.58 14.06 16365600 7
13.93 14.35 13.85 14.22 16363400 7.08
14.25 14.39 14 14.36 12241400 7.15
14.46 14.59 14.34 14.45 11470800 7.19
14.77 16.88 14.75 16.09 55561000 8.01
16.12 17.9 16.1 17.5 54089000 8.71
17.33 18.24 17.11 17.65 37656400 8.79
17.7 18.07 17.29 18 24562000 8.96
18.33 18.4 17.88 18.3 21013800 9.11
18.15 18.74 18.13 18.56 14977600 9.24
18.43 18.97 17.95 18.67 15957000 9.3
18.83 18.84 18.43 18.55 12696000 9.24
18.6 18.85 18.47 18.73 10178400 9.32
18.59 19.01 18.28 18.8 12201000 9.36
18.53 18.65 18.06 18.1 15924600 9.01
18.1 18.16 17.6 17.79 14865000 8.86
17.79 18.09 17.67 17.85 10893200 8.89
17.89 18.4 17.74 18.24 6373600 9.08
18.21 18.46 17.96 18.32 7382800 9.12
17.96 18.9 17.91 18.88 10361800 9.4
18.5 18.66 18.15 18.28 12131400 9.1
18.29 18.5 17.9 18.1 11920200 9.01
18.12 18.18 17.53 17.95 13669600 8.94
18.1 18.29 17.27 17.45 14949600 8.69
17.44 17.67 17.02 17.31 12887800 8.62
17.3 17.79 17.14 17.6 9685800 8.76
17.45 17.74 17.33 17.64 7339200 8.78
17.74 18.04 17.14 17.15 8621000 8.54
16.94 17.04 16.63 16.79 9284000 8.36
16.89 17.29 16.75 17.18 6308800 8.55
17.15 17.51 16.81 17.45 8039800 8.69
17.55 17.88 17.45 17.77 9021000 8.85
17.75 17.95 17.13 17.42 6830200 8.67
17.6 18.27 17.45 18.27 8518800 9.1
18.41 18.5 17.99 18.19 6338000 9.06
18.45 19.48 18.31 19.12 16249400 9.52
19.36 19.61 18.77 19.14 13626000 9.53
19.35 19.58 18.9 19.2 12733800 9.56
19.3 19.69 18.75 19.06 10977200 9.49
19.47 19.67 18.72 18.78 18370800 9.35
18.86 19.4 18.71 19.09 11779000 9.5
18.7 19.32 18.7 19.29 5775200 9.6
19.3 19.31 18.48 18.73 13064000 9.32
18.68 19.21 18.59 19.06 7934000 9.49
18.87 19.18 18.51 19.09 6464000 9.5
19.03 19.4 19.02 19.27 11617800 9.59
19 19.55 18.98 19.13 4920400 9.52
19.27 20.18 19.13 19.87 10224000 9.89
19.52 20.5 19.49 20.4 9169200 10.16
20.21 20.45 19.89 19.89 7630200 9.9
19.88 19.94 19.37 19.58 6104800 9.75
19.66 20 19.53 19.85 4887800 9.88
20.01 20.4 19.87 19.9 6728800 9.91
20.02 20.24 19.43 19.61 7380200 9.76
19.97 20 19.38 19.87 8961800 9.89
20.19 20.95 20.13 20.9 26829000 10.41
20.9 21.18 20.4 20.86 10672800 10.39
20.69 20.8 20.3 20.61 6564600 10.26
20.87 20.96 20.5 20.8 7086600 10.36
20.95 20.96 20.46 20.79 5108400 10.35
21.04 21.5 20.38 20.51 8187000 10.21
20.41 21.57 20.4 21.54 7738800 10.72
21.5 21.5 20.86 20.99 6084200 10.45
20.99 21.08 20.52 20.72 7040000 10.32
20.77 20.9 20.17 20.28 6199800 10.1
20.74 21.35 20.57 21.08 10766600 10.49
21 21.27 20.64 20.73 5343000 10.32
20.53 21.5 20.28 21.21 8218400 10.56
21.35 21.4 20.1 20.38 8908600 10.15
20.06 20.17 19.5 19.63 8766600 9.77
19.73 20.09 19.42 19.93 6227800 9.92
20.11 20.13 19.6 19.64 4916400 9.78
19.82 19.93 19.51 19.66 4901000 9.79
19.76 19.8 19.46 19.7 5872800 9.81
19.86 20.34 19.58 20.18 10146400 10.05
20.21 20.33 19.94 19.97 6885000 9.94
20.02 20.07 19.66 19.71 4495200 9.81
19.86 20.41 19.72 20.34 6884800 10.13
20.37 20.45 20 20.32 4774600 10.12
20.18 21.27 20.14 21.01 9757600 10.46
21.03 21.71 20.95 21.68 9118800 10.79
21.81 22 20.64 20.88 8938000 10.4
20.78 20.91 20.49 20.86 4920800 10.39
20.75 21.07 20.35 21.05 5891400 10.48
20.91 21.48 20.66 21.48 8060800 10.69
21.33 22.22 21.33 22.19 11415200 11.05
22.2 22.85 22.05 22.61 9398400 11.26
22.66 22.9 22.4 22.85 8647600 11.38
22.8 23.32 22.76 22.95 9601000 11.43
23.16 23.25 22.77 22.83 7135000 11.37
22.73 23.15 22.41 22.5 8576200 11.2
22.48 22.79 22.47 22.74 5973000 11.32
22.53 22.67 22.12 22.37 6441800 11.14
22.25 22.61 22.11 22.18 8031800 11.04
22.25 22.79 22.1 22.56 7631600 11.23
22.51 23.14 22.31 23.1 6428200 11.5
22.81 22.9 22.12 22.21 8101600 11.06
22.21 22.69 22.2 22.36 9607400 11.13
22.37 22.38 21.85 22.12 10335600 11.01
22.1 22.99 21.95 22.88 9032400 11.39
22.88 23.05 22.43 22.58 7355600 11.24
22.18 22.5 21.92 22.08 6422200 10.99
22.02 22.46 21.88 22.43 4730400 11.17
22.21 22.31 21.08 21.32 10760200 10.61
21.34 21.37 20.25 20.43 20513600 10.17
20.3 21.7 20.15 20.69 12401800 10.3
21.49 21.67 20.65 21.3 13060800 10.6
21.09 21.22 20.44 20.72 10193800 10.32
20.71 21.1 20.19 20.79 8432600 10.35
20.8 20.8 20.28 20.57 7287800 10.24
20.99 21.86 20.88 21.69 10700000 10.8
21.67 22.33 21.58 22.29 9583200 11.1
22.05 23.41 21.91 23.22 14934800 11.56
23.25 23.54 22.73 23.06 15309600 11.48
23.3 23.67 22.79 23.45 12419600 11.67
23.5 23.81 23.37 23.68 6244200 11.79
23.73 24.41 23.72 24.35 9995200 12.12
24.32 24.74 24.19 24.55 9836400 12.22
24.85 25.01 24.58 24.82 21789400 12.36
23.8 23.84 22.41 23.25 34845800 11.58
23.38 23.49 22.43 22.75 12850400 11.33
22.6 23.34 22.38 23.22 9969000 11.56
23.31 23.4 22.75 23.18 6302200 11.54
22.94 23.2 22.68 22.76 5771400 11.33
22.73 23.15 22.59 22.99 5900400 11.45
22.56 22.85 22.23 22.6 7852000 11.25
22.75 22.89 22.49 22.6 5786200 11.25
22.56 23.77 22.4 23.72 8989800 11.81
23.51 23.9 23.34 23.69 9538600 11.79
23.99 24 22.87 23.09 9305600 11.5
23.3 23.35 22.78 22.89 7791200 11.4
22.83 23.3 22.78 23.15 10815800 11.53
23.07 23.1 22.59 22.91 8901200 11.41
22.82 23.13 22.47 23.03 11516800 11.47
22.91 23.15 22.65 23.12 14181200 11.51
23.19 23.24 22.45 22.5 7505200 11.2
22.45 22.65 21.84 21.9 8367000 10.9
21.9 22.02 21.48 21.54 7681200 10.72
21.48 22.72 21.48 22.33 10714400 11.12
22.07 22.56 21.92 22.42 7599000 11.16
22.48 22.61 21.28 21.46 8466000 10.68
21.35 21.37 20.95 21.13 8152000 10.52
21.21 21.34 20.35 20.41 9542600 10.16
20.56 20.65 20.26 20.42 12306600 10.17
20.1 21.08 20.1 20.38 8556800 10.15
20.34 20.58 19.85 20.28 8637000 10.1
20.5 21.27 20.45 21.15 13636600 10.53
21.23 21.25 20.61 20.68 9594800 10.3
20.89 21.15 20.25 20.72 8754600 10.32
20.78 21.07 20.52 20.91 2717800 10.41
21.04 21.85 21 21.71 12912000 10.81
21.6 21.9 21.41 21.54 7332000 10.72
21.54 21.84 20.96 21.03 6832000 10.47
20.94 21.17 20.77 21.15 6355000 10.53
20.9 21.15 20.73 20.85 6649200 10.38
20.78 21.08 20.41 21.05 5294200 10.48
21.17 21.25 20.4 20.45 4826600 10.18
20.45 20.61 19.96 20.38 9690600 10.15
20.25 21.34 20.21 21.21 6540600 10.56
21.32 21.32 20.7 20.89 6881200 10.4
21.49 21.49 20.07 20.17 13889600 10.04
20.19 20.49 20.01 20.12 13355600 10.02
20.08 20.13 19.79 19.88 9795000 9.9
19.9 20.18 19.9 20.04 11818400 9.98
20.19 20.42 19.62 19.7 16198600 9.81
19.65 19.89 19.25 19.85 13466600 9.88
19.92 19.95 19.6 19.81 11017800 9.86
19.72 20.59 19.65 20.41 6338400 10.16
20.35 20.91 20.34 20.78 3703400 10.35
20.91 21.16 20.86 21.15 8337800 10.53
21.18 21.5 21.15 21.28 7316200 10.59
21.35 21.53 21.18 21.37 6230400 10.64
21.55 21.75 21.18 21.28 5165800 10.59
21.42 22.39 21.42 22.17 14107800 11.04
22.25 22.42 21.71 22.09 18191000 11
22.1 22.83 21.93 22.59 20959800 11.25
22.84 23.73 22.65 23.36 16439400 11.63
23.23 24.13 22.79 23 15266400 11.45
23.25 24 23.1 23.73 17412400 11.81
24.7 24.84 23.86 24.12 24250600 12.01
24.4 24.54 23.78 24.2 22144400 12.05
22.91 23.4 22.5 22.85 36364600 11.38
22.89 23.04 22.61 22.72 13315000 11.31
22.67 22.8 22.25 22.73 11283800 11.32
22.7 22.97 22.43 22.61 8095000 11.26
22.56 22.83 22.18 22.18 7321600 11.04
22.42 22.74 22.25 22.56 8113200 11.23
22.46 23.06 22.43 23.01 9688200 11.46
23.04 23.25 22.8 23.07 10966800 11.49
22.84 23.38 22.41 22.52 9835800 11.21
22.63 22.8 22.19 22.68 7596400 11.29
22.65 22.87 22.42 22.56 6617800 11.23
22.46 22.81 22.08 22.32 10265400 11.11
22.3 22.4 22 22.26 6457600 11.08
22 22.09 21.7 21.79 10912600 10.85
21.82 22.91 21.81 22.42 12601600 11.16
22.45 22.89 22.4 22.71 6905000 11.31
22.62 22.86 22.5 22.67 6723600 11.29
22.62 23.12 22.44 22.98 9119400 11.44
23.09 23.87 23.05 23.8 12448000 11.85
23.61 23.99 23.6 23.73 6571000 11.81
23.85 24.1 22.83 23 11285000 11.45
23.1 23.49 23.1 23.16 6105600 11.53
23.18 23.44 23.05 23.26 5058400 11.58
23.33 23.64 22.41 22.47 11538600 11.19
22.5 22.51 22.21 22.4 9914400 11.15
22.34 22.46 21.89 22.19 6931400 11.05
22.14 22.74 22 22.36 9252000 11.13
22.28 22.9 22.21 22.81 9867000 11.36
22.88 23.18 22.8 23.04 7086000 11.47
22.96 24.02 22.95 23.92 16744200 11.91
24.1 24.3 23.87 24.02 11488600 11.96
24 24.1 23.77 23.81 9167400 11.85
23.6 24.19 23.6 23.92 8040400 11.91
23.93 25.22 23.91 25.16 23579400 12.53
24.95 27.49 24.9 26.74 55021400 13.31
26.62 26.79 25.8 26 18674000 12.94
25.9 27.23 25.75 27.1 22084400 13.49
27.04 28.14 26.94 27.68 35963000 13.78
27.27 28.04 27.09 27.15 21280400 13.52
27.32 27.78 27.17 27.56 11758000 13.72
27.03 27.35 26.26 26.45 17204200 13.17
26.55 26.61 25.39 25.82 21622600 12.85
25.96 26.38 25.78 26.19 14694000 13.04
25.94 26.06 25.59 25.67 11467200 12.78
25.56 26.94 25.54 25.86 14592000 12.87
25.37 26.17 25.25 25.86 14965400 12.87
25.88 26 25.22 25.29 13768400 12.59
25.27 25.75 25.27 25.5 15293400 12.7
26.14 26.91 25.89 26.87 20230200 13.38
27 27.36 26.91 27.04 14996200 13.46
27.37 27.99 27.2 27.91 12526000 13.9
27.74 27.95 27.34 27.92 12845600 13.9
27.92 27.98 26.95 27.04 13956200 13.46
26.89 27.27 26.62 27.11 11369000 13.5
27.75 27.93 27.23 27.5 9802800 13.69
27.48 28.37 27.44 28.32 13774000 14.1
27.71 28.15 27.43 27.83 9214000 13.86
27.61 27.7 26.92 27.31 9111400 13.6
27.88 28 27.2 27.53 8604200 13.71
27.5 28.1 27.49 28.04 8233600 13.96
27.98 28.03 26.84 26.93 15585600 13.41
26.74 27.07 26.31 26.64 22847600 13.26
28.82 29.58 28.16 29.3 62908800 14.59
29.15 29.31 28.5 29.18 14390400 14.53
28.12 28.75 27.83 28.35 25441200 14.11
28.21 28.41 27.56 27.73 12661400 13.81
27.6 28.12 27.37 27.73 11638400 13.81
27.56 28.18 27.11 27.78 12306600 13.83
27.7 28 27.05 27.7 11279600 13.79
27.58 27.64 27 27.13 8254600 13.51
27.24 27.44 26.69 26.94 10138000 13.41
26.82 27.01 26.34 26.45 8256000 13.17
26.45 27 25.98 26.77 16456800 13.33
26.71 26.96 25.49 25.78 16660800 12.83
26 26.33 25.74 26.07 10629800 12.98
25.97 26.55 25.5 26.14 9999400 13.01
26.2 26.75 25.96 26.65 8503800 13.27
26.4 26.75 25.9 26.58 9412800 13.23
26.55 27.57 26.55 26.67 14965600 13.28
26.27 26.6 25.94 26.28 8927800 13.08
26.4 27.19 26.4 27.14 10899000 13.51
26.79 27.34 26.24 27.3 8765000 13.59
27.1 27.72 26.9 27.19 8209000 13.54
27.25 27.32 26.45 27.06 9207200 13.47
26.7 27.06 26.36 26.64 10730200 13.26
26.97 27.29 26.8 27.06 7359400 13.47
27.4 27.5 26.42 26.47 13414000 13.18
26.63 27 26.47 26.71 7010600 13.3
26.9 27.2 26.73 27.11 6424800 13.5
27.29 27.9 27.11 27.34 8414400 13.61
27.5 28.51 27.29 28.41 11427800 14.14
28.33 28.78 28 28.51 11506000 14.19
28.46 28.6 27.82 28.17 8427600 14.02
28.08 28.27 27.8 28.06 5204200 13.97
27.79 28.2 27.61 28.06 6504800 13.97
28.03 29.17 27.8 28.92 11382600 14.4
28.72 28.99 28.29 28.4 8961800 14.14
28.56 29.25 28.51 28.78 14254000 14.33
29.04 29.98 28.81 29.81 10567000 14.84
29.99 30.44 29.83 30.35 14843600 15.11
30.09 30.71 30 30.2 12471600 15.04
30.2 30.97 30.2 30.74 9199200 15.3
30.65 30.68 29.5 30.12 8713800 15
30.54 31.14 30.26 30.69 15879800 15.28
30.66 33.32 30.53 32.74 32487200 16.3
32.56 33.13 32.21 32.81 19690000 16.33
32.66 33.41 32.43 32.91 14509000 16.38
33.12 33.5 32.12 32.33 13936200 16.1
32.3 33.09 32.29 33 12875400 16.43
33 33.83 32.89 33.7 13959600 16.78
33.51 33.7 32.98 33.18 9018400 16.52
33.07 33.7 33 33.7 11551000 16.78
34.18 34.19 32.21 32.49 18610600 16.18
32.07 32.99 31.41 32.5 21091200 16.18
32.56 32.97 31.89 32.54 13323000 16.2
32.1 32.48 31.9 32.3 12212200 16.08
30.48 31.18 29.73 31.08 32524400 15.47
31.27 31.42 30.8 30.95 12463600 15.41
30.85 31.36 30.13 30.39 14214000 15.13
30.13 30.68 29.95 30.14 8335000 15.01
30.27 30.5 30.03 30.03 7459400 14.95
30.02 30.04 28.93 29.14 18272200 14.51
29.25 29.6 29.02 29.22 11292000 14.55
28.86 29.97 28.74 29.58 29850000 14.73
32.66 33.63 32.11 32.93 63133000 16.39
32.8 32.92 32.12 32.2 17442200 16.03
32.01 32.22 31.66 31.97 19041800 15.92
31.95 32.2 31.55 32.2 11562400 16.03
32.42 32.71 31.34 31.62 10759200 15.74
31.25 31.73 31.06 31.68 11932800 15.77
31.53 31.75 30.48 30.7 9770400 15.28
30.85 31.45 30.78 31.26 14069000 15.56
31.8 32.75 31.57 32.43 15178800 16.15
32.31 32.41 31.16 32.27 10180400 16.07
32.47 32.82 32.13 32.64 7934200 16.25
32.65 33 32 32.34 8679400 16.1
31.18 32.2 31.13 31.58 13039000 15.72
31.45 31.72 31.15 31.29 7558200 15.58
31.19 32.12 31.17 31.79 9874600 15.83
31.81 32.3 31.25 31.39 8732200 15.63
30.9 31.1 29.7 29.78 17581800 14.83
29.85 30.45 29.81 30.3 10387400 15.09
30.39 31.54 30.35 31.52 12537000 15.69
31.1 31.13 30.26 31.01 11514000 15.44
30.45 30.85 30.28 30.37 8078600 15.12
30.6 31.28 30.4 30.84 11716000 15.35
31 31.72 30.64 30.78 15559800 15.32
30.58 31.13 30.35 30.87 11536400 15.37
30.51 31.85 30.49 31.74 13023400 15.8
31.51 31.86 30.36 30.71 13890000 15.29
30.71 30.99 30.49 30.8 11313600 15.33
30.86 31.27 30.6 31.08 9095000 15.47
31.26 31.95 31.19 31.95 13362000 15.91
31.87 33.15 31.73 33.05 18057800 16.45
33.04 35.18 32.74 34.66 34137800 17.26
34.68 34.76 34 34.35 13886200 17.1
34 34.72 33.96 34.12 7790800 16.99
34.07 34.95 34 34.49 13448600 17.17
34.3 35.99 34.19 35.86 18418800 17.85
35.5 35.81 34.83 35.66 14511600 17.75
35.01 35.92 35.01 35.23 10481000 17.54
35.4 36.19 35.23 35.76 10784200 17.8
35.7 36.57 35.68 36.35 12268800 18.1
36.1 36.3 35.28 35.7 16476400 17.77
35.66 36.23 35.46 35.87 11714800 17.86
35.88 36.07 35.32 35.59 10070600 17.72
35.24 35.55 34.78 35.49 9100800 17.67
35.36 35.48 34.8 35.2 8309600 17.52
35.2 36.76 35.08 36.35 17925600 18.1
36.55 37.38 36.4 37.14 17939600 18.49
36.88 37.98 36.87 37.71 8750000 18.77
37.75 38.87 37.46 38.01 13809000 18.92
38.1 38.14 36.81 36.92 14346000 18.38
37.04 37.5 36.93 37.27 14193000 18.56
37.45 38 37.15 37.29 13196000 18.57
36.95 37.98 36.83 37.53 14197000 18.68
37.46 38.29 37.45 38.04 12613800 18.94
37.93 38.86 37.82 38.68 9768200 19.26
39 39.27 38.45 38.75 15179000 19.29
39.12 39.19 38.58 38.67 16621600 19.25
39.18 39.18 38.75 38.79 20503000 19.31
38.56 39.67 38.4 39.37 14505800 19.6
39.5 40.76 39.47 40.64 15939400 20.23
40.54 40.93 39.46 39.62 15219600 19.73
39.56 39.77 38.84 39.06 12829600 19.45
38.8 39.06 38.2 38.59 11566800 19.21
38.5 38.58 37.65 38.29 16435400 19.06
38.87 39.76 38.74 39.75 41536000 19.79
43.19 45.75 42.55 44.98 98872400 22.39
44.88 45.61 44.19 45.5 36826000 22.65
44.7 47.75 44.7 47.75 42884000 23.77
48.1 48.35 47.31 47.42 28642600 23.61
47.18 47.6 46.65 47.47 21611000 23.63
47.48 48.13 47.36 47.94 25875200 23.87
47.54 47.67 47.02 47.41 17252400 23.6
47.2 47.84 47.07 47.55 14023000 23.67
47.45 48.05 46.97 47.97 21227200 23.88
48.51 50.62 48.17 50.3 42624800 25.04
49.98 52.22 49.5 52.19 30866600 25.98
51.84 53.2 51.8 52.4 28936400 26.09
52.5 53.26 52.04 52.45 21501800 26.11
52.4 54.08 52.4 53.5 26071000 26.64
54.37 56.11 53.99 55.31 43006200 27.54
55.03 55.55 54.37 54.45 33165200 27.11
54.86 55 52.04 54.72 43037400 27.24
54.27 55.45 53.86 54.38 18818600 27.07
54.23 54.55 53.38 54.05 16991600 26.91
53.95 55.39 53.91 54.75 18167000 27.26
54.95 55.43 54.23 55.3 14546400 27.53
55.01 55.69 54.84 55.5 14132200 27.63
55.2 55.46 54.34 55.24 13430200 27.5
55.16 55.2 54.48 54.94 10539400 27.35
55.19 55.45 54.22 54.9 14205400 27.33
54.3 55.45 54.29 55.39 16398200 27.58
55.49 56.91 54.5 55.17 27331400 27.47
61.8 64 57.9 61.35 91721800 30.54
62.3 62.45 61.05 61.27 32551800 30.5
61.69 65.2 61.55 64.05 49671000 31.89
65.35 65.76 64.34 64.55 19648000 32.14
68.95 69.57 67.41 68.44 61175600 34.07
68.79 68.79 67.05 67.05 36732800 33.38
67.79 67.95 66.27 67.79 28591200 33.75
66.13 66.9 64.66 65.21 35265800 32.47
64.53 65 61.75 62.68 44244600 31.21
64.25 66.24 62.95 65.78 44568600 32.75
65.93 66.73 62.56 62.89 37746400 31.31
63.08 64.43 62.05 63.28 24710800 31.5
62.81 64.4 62.07 63.99 26482200 31.86
65.03 66.05 64.7 65.15 27706200 32.44
65.62 65.9 64.6 64.91 14108600 32.32
65.4 65.88 65.02 65.29 14847200 32.51
65.24 65.46 64.66 65.26 14227200 32.49
66.15 67.5 66.05 66.6 40218400 33.16
66.84 67.04 64.9 64.99 27982000 32.36
65.47 66 61.76 62.72 41718800 31.23
63.56 63.77 61.6 63.69 38014800 31.71
63.66 64.36 63.4 63.75 20208200 31.74
63.75 64.25 63.6 64.01 8783200 31.87
64.8 65.15 62.88 63.16 19981800 31.44
63.3 64.25 62.05 64.18 21848400 31.95
63.81 64.98 63.57 64.44 16055800 32.08
64.81 65.03 64.22 64.8 12333600 32.26
64.89 65 64.03 64.4 9949600 32.06
64.78 65.11 62.6 63.29 24714000 31.51
63.79 65.47 62.97 63.94 39171800 31.83
64.46 65.25 64.05 64.5 24301200 32.11
64.67 64.91 63.33 64.55 25198400 32.14
65 69.63 64.75 69.25 79551800 34.48
69.83 70.7 67.88 68.96 61618200 34.33
68.25 69.15 64.14 64.56 93272400 32.14
65.45 65.9 63.3 65.46 68560800 32.59
73.71 74.42 69.73 69.8 113025600 34.75
70.25 71.72 69.19 70.2 63240800 34.95
69.85 70.7 67.75 70.65 35945000 35.17
70.49 71.46 69.75 69.88 26853400 34.79
69.65 71.27 69.47 70.46 32675800 35.08
71.31 71.6 70 70.49 32547600 35.09
70.98 71.78 70.55 70.76 30058200 35.23
71.37 72.84 70.94 72.05 34615400 35.87
72.66 72.75 71.22 72.25 26410600 35.97
72.16 72.92 71.55 72.64 17722400 36.16
72.62 73.98 72.44 73.98 28629000 36.83
74.58 77.89 74.51 76.9 60039200 38.29
77.05 77.77 76.58 77.53 24228400 38.6
77.95 79.91 77.69 79.63 36430800 39.64
79.1 79.43 77.33 77.81 26130400 38.74
77.87 78.93 77.53 78.84 20127000 39.25
78.93 79.35 77.5 78.94 18730600 39.3
79.07 81.38 78.79 80.9 31786400 40.28
81.04 81.99 78.1 78.74 42552000 39.2
78.72 79.28 76.66 78.36 39036400 39.01
79.86 81.76 78.94 81.21 42894800 40.43
82.73 84.79 82.05 84.63 45409400 42.13
86.66 89.08 86 88.41 82579200 44.02
88.15 90.2 87.35 90.13 58544400 44.87
90.65 90.88 87.45 87.81 54231200 43.72
87.74 87.86 86.25 86.81 41544800 43.22
86.3 88.3 85.29 85.29 43546200 42.46
86.72 88.45 85.55 88.23 48042200 43.93
88.48 89.31 87.73 88.93 54251000 44.27
89.62 89.91 88.19 88.99 32696800 44.3
44.68 45.14 43.96 44.86 23271800 44.67
44.99 45.11 44.16 44.5 16721000 44.31
44.25 44.89 44.08 44.12 16362900 43.93
44.37 44.41 41.22 41.79 50416200 41.61
42.76 43.01 41.85 42.81 27022100 42.63
42.8 43.25 42.35 42.75 16094000 42.57
41.9 42.16 40.1 40.53 36480400 40.36
39.64 40.28 38.83 39.35 47230900 39.18
39.53 40.26 39.1 39.83 27753900 39.66
40.21 40.59 39.8 40.27 22601100 40.1
40.52 40.79 39.52 40.32 21620900 40.15
40.64 41.14 40.25 40.96 18164600 40.78
41.21 42.31 40.78 41.18 24921900 41
41.53 42.88 41.32 42.25 28640000 42.07
43.33 43.44 42.5 42.96 33576800 42.78
43.29 43.97 42.86 43.7 19326000 43.51
43.71 43.96 42.68 42.83 19693400 42.65
42.45 43.4 42.02 42.55 21779400 42.37
42.91 43 42.5 42.5 12596600 42.32
42.75 42.96 42.47 42.53 9836100 42.35
42.56 42.83 41.5 41.75 16477000 41.57
42.07 42.8 41.82 42.8 14105700 42.62
42.45 42.52 41.59 41.67 22719100 41.49
42.09 42.18 40.57 40.89 22903000 40.72
40.99 41.31 40.16 41.09 20714800 40.91
41.22 42.24 41.09 41.89 19865700 41.71
42.4 42.81 42.15 42.33 14815200 42.15
42.33 43.75 42.25 43.56 18106700 43.37
43.7 44.45 43.54 43.74 23212500 43.55
44.15 44.25 41.91 41.92 29345100 41.74
42.49 43.19 42.01 42.66 35037900 42.48
42.95 42.99 40.39 41.04 48998100 40.86
38.81 39.56 36.84 37.26 98328300 37.1
36.62 37.25 35.28 35.35 61717400 35.2
35 36.3 34 35.62 47399200 35.47
36.6 37.44 35.87 37.09 38630100 36.93
37.66 37.74 35.44 35.51 33754700 35.36
36.4 37.21 35.9 37.18 27128300 37.02
36.84 37 34.9 35.5 29968900 35.35
36.49 37.02 36.11 36.98 26659300 36.82
36.78 37.51 36.12 36.19 28946700 36.04
35.89 36.36 35.51 35.95 21924600 35.8
36.29 36.34 35.24 35.54 20539500 35.39
36.15 36.23 35.22 36.06 23986800 35.91
36.21 36.65 36.02 36.43 16640000 36.27
36.4 36.74 36.03 36.21 17740700 36.06
36.11 37.2 36.1 37.15 16006300 36.99
37.25 37.27 36.47 36.68 13834500 36.52
36.89 37.33 36.79 37.24 11651700 37.08
37.28 37.45 36.75 36.97 12703400 36.81
36.75 37.25 36.33 36.42 15723700 36.26
35.2 35.67 33.11 35.61 72927900 35.46
35.42 35.59 34 34.13 34651500 33.98
34.2 35.23 34.07 34.77 25096900 34.62
34.56 35.7 34.53 35.55 16939100 35.4
35.14 35.46 34.54 35.36 21012300 35.21
35.45 37.56 34.99 35.84 22740100 35.69
35.78 37.68 35.78 37.55 28327200 37.39
37.25 37.65 37.19 37.55 16166100 37.39
37.85 39.9 37.85 39.76 37234800 39.59
39.45 39.99 39.03 39.7 21195000 39.53
39.5 39.95 39.32 39.78 14143100 39.61
39.94 40.94 39.94 40.74 18768600 40.57
40.64 40.79 40.01 40.56 11286000 40.39
40.66 40.74 39.58 39.76 14435900 39.59
39.89 40.76 39.86 40.3 16207600 40.13
40.05 40.32 39.6 40.04 13356200 39.87
38.16 38.58 37.77 38.24 34173900 38.08
38.33 38.63 37.56 37.92 28998800 37.76
37.6 37.73 36.45 36.54 26616600 36.38
36.63 37.25 36.57 36.92 14428800 36.76
37 37.94 36.82 37.65 13937700 37.49
37.4 37.4 35.52 35.81 24247600 35.66
35.89 36.61 35.82 35.9 15563300 35.75
35.92 36.15 35.75 36 12423100 35.85
36.87 37.3 36.3 37.13 20119400 36.97
37.19 38.08 36.82 37.98 19559800 37.82
38.47 38.54 37.83 38.31 21290200 38.15
37.85 38.09 37.45 37.61 11561300 37.45
37.72 38.19 37.38 37.86 13233100 37.7
38.26 38.6 38.14 38.55 15175900 38.39
38.83 39.78 38.65 38.89 24080500 38.72
39.09 39.12 37.68 37.76 14668200 37.6
36.84 38.1 36.68 37.1 21434700 36.94
37.49 37.59 37.17 37.31 12510700 37.15
37.23 37.29 36.12 36.37 16012800 36.21
36.61 37.16 36.31 36.81 14942500 36.65
36.83 36.97 36.29 36.5 8928600 36.34
36.55 38.15 36.5 37.98 16223900 37.82
37.71 38.16 37.2 37.39 14093800 37.23
36.81 37.76 36.8 37.63 13704400 37.47
37.87 38.28 37.47 38.25 10383400 38.09
38.37 38.65 37.78 38.1 13885300 37.94
38.23 38.4 37.91 38.24 13822800 38.08
38.29 38.5 37.9 38.35 24458400 38.19
40.79 42.01 40.23 40.75 74859300 40.58
40.97 41.57 40.46 41.55 24560100 41.37
41.41 42.1 41.37 41.49 20939200 41.31
41.52 43.23 41.07 43.19 23966500 43.01
42.86 43.8 42.65 43.63 16192700 43.44
43.7 44.04 42.9 43.29 14438000 43.1
43.44 44 43.39 44 10753800 43.81
43.99 44.28 43.73 43.81 10522400 43.62
44.01 44.11 43.36 43.63 9592600 43.44
43.83 44.07 42.67 43.99 10133900 43.8
43.85 44 43.3 43.8 8975400 43.61
43.56 44.38 42.26 42.65 20074300 42.47
42.57 43.08 42.08 42.75 11223200 42.57
42.89 43.5 42.61 43.19 10602700 43.01
43.19 43.31 42.77 43.22 9225800 43.04
42.89 43 42.29 42.71 9618000 42.53
42.49 43.36 42.02 42.99 8640400 42.81
43 43.25 42.61 42.65 6299400 42.47
42.93 43.89 42.91 43.82 13601400 43.63
44 44.39 43.31 43.38 12890900 43.19
43.39 44.12 43.25 44 9713700 43.81
43.46 46.22 43.36 46.1 32715600 45.9
46.48 48.33 46.45 47.68 38811700 47.48
47.39 47.5 46.21 46.25 19200800 46.05
46.4 47.44 46.37 47.15 17847300 46.95
46.91 47 45.75 46.3 15805700 46.1
46.28 46.7 45.77 45.83 13448900 45.63
46.15 46.75 45.26 45.87 13847600 45.67
45.85 46.1 45.32 45.74 10557300 45.54
45.6 47.12 45.59 45.77 20431100 45.57
46.12 46.49 45.81 46.06 9866200 45.86
46.12 46.34 45.36 45.74 9323500 45.54
45.27 46.03 45.26 45.84 9153400 45.64
45.99 46.79 45.92 46.57 18527200 46.37
46.86 47.03 46.27 46.89 14391300 46.69
47 47.17 46.09 46.26 12727400 46.06
46.3 46.8 46.12 46.22 7942100 46.02
46.7 48.88 46.55 48.8 29236400 48.59
49.05 49.4 47.92 48.68 34395500 48.47
49.35 50.12 49.14 49.78 25094300 49.57
50.07 51.35 49.79 51.31 21987200 51.09
51.1 51.63 50.58 51.4 16171300 51.18
51.02 51.29 50.32 50.82 17603000 50.6
51.06 51.19 49.46 49.61 16943800 49.4
50 50.18 49.33 49.87 14827000 49.66
50.23 51.21 49.95 51.21 21107300 50.99
51.05 52.89 51.05 52.64 27990400 52.41
52.99 53.81 52.92 53.19 29279600 52.96
52.96 53.05 51.86 52.11 15526700 51.89
51.88 52.47 51.32 51.9 16561700 51.68
52.1 53.5 51.84 53.2 19944900 52.97
54.03 54.56 53.32 53.84 19520100 53.61
53.92 54.24 53.43 53.44 12203700 53.21
53.07 53.11 50.59 51.08 40198000 50.86
51.23 52.59 50.81 52.34 22744500 52.12
52.33 53.65 51.88 53.61 18986900 53.38
54.16 54.54 53.68 54.44 18126900 54.21
54.95 55.35 53.64 53.75 19266400 53.52
54.33 54.36 52.75 52.78 21813200 52.55
53.2 53.49 50.87 51.7 27054900 51.48
51.72 51.93 50.55 51.3 24210100 51.08
51.76 51.91 50.28 50.37 18125200 50.15
51.23 51.87 50.4 51.59 43781600 51.37
48.65 50.3 47.87 49.25 96338800 49.04
49.44 53.95 49.27 53.74 66627700 53.51
54.03 54.35 52.79 54 36984000 53.77
53.98 54.23 52.68 53.44 22029800 53.21
53.25 53.95 52.2 52.21 21771000 51.99
52.07 54.96 51.21 54.94 36024400 54.71
54.47 56.5 54.35 56.14 48491500 55.9
56.84 56.98 55.36 55.66 28454500 55.42
55.25 56.79 55.09 56.79 21776900 56.55
56.4 56.85 55.69 56.1 16611700 55.86
56.28 57.56 55.92 57.03 22556900 56.79
56.99 57.01 55.41 55.41 14697900 55.17
56.04 56.43 54.17 54.47 27492400 54.24
55.2 57.98 54.75 57.59 33601600 57.34
57.24 58.14 56.87 57.5 26774500 57.25
57.72 60 57.6 59.95 30609300 59.69
60.26 62.32 60.07 61.85 31585100 61.59
60.35 61.24 59.62 61.15 31358400 60.89
60.85 61.67 60.14 60.23 22815400 59.97
59.95 60.38 59.1 59.9 16920200 59.64
60 61.21 60 60.11 19747500 59.85
60.64 61.2 59.01 61.18 23762300 60.92
61.54 62.11 61.34 61.54 15194600 61.28
61.54 61.98 60.91 61.45 13211900 61.19
61.6 63.08 61.46 62.28 19172900 62.01
63.15 65.06 63.09 64.95 28018400 64.67
65.59 65.88 64.25 64.52 24150200 64.24
65.31 65.43 64.37 64.56 18748700 64.28
64.82 65.19 63.72 64.96 18275400 64.68
64.84 66.76 64.52 66.52 19295800 66.24
66.88 67.98 66.69 67.11 17351900 66.82
67.66 69.54 67.5 69.34 14107600 69.04
70.72 71.07 69.07 69.66 36375700 69.36
69.99 70.3 67.35 68.1 31836900 67.81
68.43 68.85 67.52 67.82 21274100 67.53
68.95 71.73 68.81 71.6 29031900 71.29
72.27 72.74 70.7 72.63 31991500 72.32
71.95 72.53 71.49 71.82 20845400 71.51
73.93 74.83 73.35 74.05 30608200 73.73
74.23 74.46 73.12 73.95 24266600 73.63
73.2 74.17 72.6 74.08 28231500 73.76
74.21 74.59 73.35 74.33 19835800 74.01
74.87 75.35 74.56 74.91 18749800 74.59
74.85 75.46 74.21 74.98 17636300 74.66
72.53 73.3 70.27 72.01 51811300 71.7
72.68 72.86 71.35 72.18 20041500 71.87
72.14 72.3 71.06 71.11 23970400 70.81
71.11 72.6 71.04 71.38 18903400 71.07
71.63 72.38 71.12 72.11 17111000 71.8
72.6 73.61 72.54 73.5 16990600 73.19
73.91 74.49 73.6 74.02 13236100 73.7
74.17 74.26 73.3 73.35 8209200 73.04
74 75.18 73.95 74.23 21092500 73.91
74.47 74.76 73.32 73.57 14218400 73.26
73.78 73.82 71.42 71.45 17500900 71.14
70.91 72.43 70.34 71.89 22295100 71.58
72.38 74.75 72.25 74.75 28829800 74.43
75.13 75.98 74.5 74.97 22128700 74.65
74.83 74.9 73.75 74.38 16050800 74.06
75.25 76.7 74.55 76.3 25159200 75.97
76.73 77.2 75.74 76.05 24108600 75.72
76.25 81.89 75.83 80.86 81423900 80.51
83.84 84.8 82.59 83.9 53349800 83.54
84.97 86.4 83.62 84.29 45743200 83.93
84.99 86.01 84.6 85.59 27725200 85.22
85.7 86.38 83.87 84.71 29843700 84.35
83.08 84.05 81.85 82.49 42879900 82.14
81.25 81.66 78.74 79.04 60566000 78.7
79.28 80.04 75.83 76.09 40527100 75.76
76.1 79.56 76 77.67 37847500 77.34
78.76 79.42 75.77 76.04 40794800 75.71
77.39 77.5 73.25 74.2 45563800 73.88
74.53 75.43 71.93 72.33 42192400 72.02
72.95 73.6 71.1 72.03 34066600 71.72
71.17 76.6 70.87 75 49942900 74.68
75.5 76.34 73.75 75.51 32626500 75.19
74.95 76.46 74.64 75.42 18613800 75.1
75.1 75.36 72.05 72.1 25261500 71.79
72.24 72.79 71.04 71.85 24718700 71.54
72.02 72.51 66.74 67.3 58991700 67.01
68.27 69.48 66.68 67.6 49601100 67.31
68.49 69.08 66 68.81 34039800 68.52
69.1 69.23 64.53 64.95 41063000 64.67
65.18 67.67 62.9 67.31 62874200 67.02
66.63 66.75 64.64 64.71 31553500 64.43
65.1 68.1 65 67.64 41462100 67.35
67.16 69.62 66.75 69.22 41420400 68.92
69.91 71.01 69.48 70.57 33863400 70.27
70.3 70.89 69.61 70.29 20571400 69.99
70.59 70.8 68.68 69.08 27843100 68.78
69 71.67 68 71.32 34937100 71.02
71.79 73 71.43 71.75 30604200 71.44
72.14 72.89 71.2 71.46 19098000 71.15
71.99 72.12 70.65 70.99 28258600 70.69
71.58 72.4 68.1 68.49 45249300 68.2
68.84 69.49 68.02 69.1 27279200 68.8
68.99 69.99 68.67 69.61 22331200 69.31
69.4 69.91 67.53 67.72 26345300 67.43
67.69 67.72 64.94 65.48 32595200 65.2
65.76 66.9 65.08 66.31 31174200 66.03
66.29 67.2 65.35 65.66 23330400 65.38
65.98 66.47 63.81 63.93 28546600 63.66
64.05 64.49 62.45 63.19 37255100 62.92
65.05 66.28 64.79 65.68 30756700 65.4
65.77 67.32 65.5 67.32 22929300 67.03
67.71 68.04 65.52 66.23 31857000 65.95
66.85 66.9 64.3 64.31 26772800 64.04
64.75 65.54 64.11 64.66 29001500 64.38
65.22 65.46 63.87 63.99 21622900 63.72
64.29 64.34 61.39 61.81 47991700 61.55
62.16 63.25 61.27 61.67 48067700 61.41
61.82 61.9 59.61 60.16 50993800 59.9
60.25 60.94 59.03 59.96 38285000 59.7
60.35 61.38 59.4 59.51 39574000 59.26
59.63 60.14 58.25 58.71 48940100 58.46
59.13 62.52 57.67 62.33 83815500 62.06
62.82 63.3 61.53 62.75 49666100 62.48
63.25 63.61 62.24 62.72 29119900 62.45
63.67 64.12 62.61 62.65 29135400 62.38
62.1 62.22 61.05 61.17 33283000 60.91
64.71 67.21 64.15 67.21 79764600 66.92
68.3 72.05 68.2 71.24 95134600 70.94
70.93 71.21 68.47 69.79 55187100 69.49
70.29 70.93 68.45 68.67 32268400 68.38
68.99 69.3 67.07 67.99 33547000 67.7
68.01 68.17 66.3 66.71 26424800 66.42
66.34 67.44 65.81 66.47 26238500 66.19
66.51 66.84 64.35 64.81 25783500 64.53
65.04 66.47 64.79 66.22 28387300 65.94
66.82 67 65.47 65.65 38786900 65.37
69.51 70 66.2 67.63 59535100 67.34
68.19 68.64 66.47 67.04 28178100 66.75
66.85 66.92 65.5 65.75 25251000 65.47
65.96 66.59 65.56 66.17 18895100 65.89
66.65 68.28 66.4 68.15 25388800 67.86
67.73 69.86 67.35 69.36 30212400 69.06
69.38 71.3 69.2 70.39 27144200 70.09
70.77 71.54 69.16 69.6 26799300 69.3
70.15 71.98 70.11 71.62 27559400 71.31
71.83 71.95 70.18 71.14 24535400 70.84
71.22 72.89 70.46 71.13 30729300 70.83
71.86 72.25 71.15 71.89 20139700 71.58
72.99 73.8 71.72 71.89 21244700 71.58
71.82 72.56 70.62 71.03 18988100 70.73
71.29 71.33 69.61 70.6 16424600 70.3
70.79 70.84 67.55 68.15 29024600 67.86
67.85 68.69 66.86 67.7 22920500 67.41
67.37 68.38 67.12 67.79 18899200 67.5
68.1 68.25 64.75 64.98 33455000 64.7
64.71 65.7 64.07 65.26 26935500 64.98
65.68 66.26 63.12 63.18 23515800 62.91
63.26 64.88 62.82 64.51 35209500 64.23
63.87 63.99 62.77 63.38 25677700 63.11
64.86 65.19 63 63.15 24800500 62.88
62.99 63.65 61.56 63.34 32715400 63.07
64.26 64.45 63.29 64.33 16549000 64.05
64.31 64.56 63.14 63.55 15462500 63.28
63.29 63.3 61.22 61.22 20121500 60.96
61.76 61.79 58.69 59.77 45749200 59.51
59.85 62.28 59.52 62.17 33661000 61.9
62.99 63.1 60.88 61.66 24492400 61.4
61.15 61.15 59.97 60 21635200 59.74
60.22 60.63 58.91 59.72 25929900 59.46
60.1 60.4 58.35 58.56 26803800 58.31
58.44 60.93 57.15 60.76 49910100 60.5
61.18 61.56 59.1 59.24 27708500 58.99
59.4 59.73 56.96 57 25635200 56.76
57.61 59.1 57.36 58.33 38594400 58.08
58.28 58.78 56.69 57.61 31362000 57.36
57.3 59.74 56.75 59.38 42513700 59.13
58.96 59.19 57.52 57.56 29932200 57.31
57.83 58.18 57 57.2 25163400 56.96
57.61 58.35 57.29 57.47 24034800 57.22
57.74 58.71 57.3 57.86 30832000 57.61
58.2 59.75 58.07 59.58 34486900 59.33
59.72 60.17 58.73 58.83 23578700 58.58
59.17 59.2 58.37 58.99 16662000 58.74
59.09 59.22 57.4 57.43 19664700 57.18
57.29 57.3 55.41 56.02 30382300 55.78
56.76 59.09 56.39 58.97 31192800 58.72
57.59 57.75 56.5 57.27 26417700 57.03
57.52 58.18 57.34 57.95 6956100 57.7
57.15 57.6 56.56 57 18508600 56.76
57.09 57.4 55.61 55.77 22614600 55.53
55.48 56.55 54.67 55.4 28548600 55.16
55.7 56.49 54.5 55 18905200 54.76
55.11 55.99 54.53 55.65 29465100 55.41
55.17 55.24 52.92 52.96 33118900 52.73
52.03 54.12 51.41 52.25 44639500 52.03
52.5 52.89 50.16 50.67 35465600 50.45
51.73 53.11 51.65 52.37 36590800 52.15
53.16 53.85 51.85 52.9 35730300 52.67
52.96 55.08 52.36 54.1 49669400 53.87
60.96 61.59 59.72 60.5 70433800 60.24
59.82 61.15 59.64 60.72 31853300 60.46
61.26 62.1 60.43 61.42 25816300 61.16
61.78 62.09 60.78 61.93 21038200 61.67
62 64.64 61.68 63.87 32086700 63.6
64.5 65.02 62.86 63.4 26251600 63.13
63.94 65.68 63.5 65.59 24696700 65.31
66.83 68.63 66.28 67.96 31887200 67.67
67.22 67.93 65.94 67.18 25420200 66.89
67.65 68.68 67.51 68.16 19670300 67.87
67.91 70 67.81 69.59 30037300 69.29
67.05 68.61 64.96 68.3 66173800 68.01
67.72 69.6 66.31 67.21 44482600 66.92
67.09 67.11 64.51 64.78 35638000 64.5
65.43 65.6 63.4 63.59 34137100 63.32
63.25 64.81 62.7 64.07 24920000 63.8
63.23 64.13 62.58 63.65 27768900 63.38
64.05 65.22 63.6 63.94 25629300 63.67
65.34 66.5 64.8 66.45 30762600 66.17
67.1 68.07 66.33 67.98 27903000 67.69
68 68.66 67.18 67.59 20755300 67.3
67.71 68.4 67.26 67.91 19155500 67.62
67.3 67.31 66.15 66.56 18793800 66.28
66.68 68.32 66.5 67.62 20606000 67.33
68 68.65 66.94 67.31 19152100 67.02
67.89 68.19 66.27 67.81 23399700 67.52
67.34 69.05 67.31 68.75 19427100 68.46
68.5 68.61 66.68 66.98 26362900 66.69
66.99 67.26 65.12 66.48 33833300 66.2
67.34 67.82 66.68 66.96 24290800 66.67
67.28 68.3 66.66 67.85 20524900 67.56
68.48 68.65 67.82 68.38 14589100 68.09
68.97 71.5 68.55 71.48 36159200 71.17
71.08 71.69 69.7 70.03 34789400 69.73
70.6 73.48 70.25 72.8 45284200 72.49
73.37 73.57 71.91 72.52 31997200 72.21
72.43 73.73 71.42 72.5 33897300 72.19
72.81 73.45 71.45 72.63 60167400 72.32
72.85 74.32 72.3 74.2 40933500 73.88
73.72 74.67 73.46 74.17 28633200 73.85
74.6 74.98 73.29 74.1 35066200 73.78
73.8 74.86 73.3 73.89 25188500 73.57
74.1 74.36 72.8 73.77 25358900 73.45
74.38 75.68 74.22 75.26 29385400 74.94
75.25 76.06 74.02 74.65 28361600 74.33
74.3 74.34 72.58 73 23754000 72.69
73.81 75.86 73.72 75.75 30678300 75.43
76.18 77.78 76.1 77.61 39391000 77.28
77.17 77.47 75.82 76.41 28941900 76.08
77.02 77.48 75.95 77.01 25843200 76.68
77.11 77.52 76.68 76.98 14493300 76.65
75.1 75.87 74.3 74.86 25451400 74.54
74.45 74.95 73.19 74.08 28239600 73.76
74.1 75.46 73.16 75.38 29610100 75.06
74.53 76.16 74.13 74.83 24424400 74.51
74.42 75.04 73.81 74.22 16677100 73.9
73.8 75.08 73.53 74.63 15650800 74.31
74.54 74.58 73.08 73.81 18985300 73.49
73.42 73.98 72.6 73.23 20423400 72.92
73.61 75.39 73.6 75.26 21173400 74.94
75.63 76.88 74.74 75.02 24435600 74.7
75.19 75.88 74.79 75.4 18167600 75.08
75.04 75.27 74.04 74.29 17175900 73.97
74.75 75.37 73.91 74.53 40496700 74.21
79.26 79.95 78.16 78.99 54034900 78.65
78.97 79.99 78.67 79.95 22836200 79.61
79.99 81.9 79.75 81.46 29732400 81.11
81.21 81.68 80.2 81.05 16543300 80.7
81.35 82 81.01 81.68 17329100 81.33
81.9 82.6 81.13 82.19 15455600 81.84
81.75 82.45 80.01 80.41 21248800 80.07
79.99 80.9 79.5 80.42 17854200 80.08
81.45 81.68 80.23 81.08 17909800 80.73
81.1 81.38 78.36 79.16 21828300 78.82
78.92 79.32 78.5 78.98 16624400 78.64
79.36 79.53 77.79 78.29 15424600 77.96
78.95 80.06 78.43 79.71 15520600 79.37
80.45 81 80.13 80.51 18783300 80.17
80.02 82.69 79.89 82.45 24675600 82.1
82.9 84.69 82.12 83.34 32966200 82.98
83.55 83.6 82.5 83.12 13352300 82.76
83.22 84.45 82.64 84.35 16095500 83.99
84.8 85 83.9 85 21034100 84.64
85.05 85.9 84 84.05 23404400 83.69
84.87 86.3 84.62 85.61 24783600 85.24
85.14 85.94 85 85.85 16658000 85.48
85.4 87 85.2 86.47 20385500 86.1
87.42 88.6 87.11 88.6 22238100 88.22
88.99 90.75 87.85 90.31 23997900 89.92
89.53 93.08 89.5 91.63 18524200 91.24
92.51 93.16 89.5 89.54 38387000 89.16
90.36 91.97 89.91 91.81 37006200 91.42
93 93.15 90.25 91.8 41324400 91.41
92.21 92.68 91.06 91.66 31088800 91.27
91.8 92.33 90.1 91.32 28395700 90.93
91.88 92.05 90.5 91.12 25340600 90.73
91.65 92.33 90.87 91.27 23672800 90.88
90.64 91.39 89.67 89.83 22792300 89.45
90.03 90.5 86.9 87.04 35886700 86.67
87.23 89.39 87 88.26 28009900 87.88
88.9 89.3 88.05 88.75 17849300 88.37
88.61 88.84 85.53 86.14 36665000 85.77
87.95 89.07 87.15 89.05 30609000 88.67
89.05 90 88.26 88.55 29726100 88.17
89.02 89.22 87.33 87.72 26426400 87.34
87.63 88 84.59 85.47 25770600 85.1
84.73 86.68 83.62 86.31 32550200 85.94
86.47 86.67 84.74 84.76 20274700 84.4
84.7 85.48 82.2 82.9 32271400 82.55
83.46 84.04 81.6 82.2 21903700 81.85
82.15 82.57 80.89 81.51 17524600 81.16
78.15 82 76.77 81.52 69134100 81.17
80.22 81.25 79.65 80.87 39995600 80.52
83.95 85.4 83.36 84.84 38443900 84.48
86.29 86.58 81.9 83.8 44225700 83.44
84.05 85.95 83.82 85.66 30259300 85.29
85.77 86.2 84.4 85.05 29812200 84.69
85.96 86.53 85.28 85.47 28468100 85.1
86.45 92.98 85.15 92.57 119617800 92.17
94.75 97.8 93.45 97 105460000 96.59
95.94 96.78 95.1 95.8 51437600 95.39
94.59 95.06 93.23 94.62 46881800 94.22
95.68 97.25 95.45 97.1 44431300 96.68
97.56 97.6 94.82 94.95 58795000 94.54
92.1 92.11 89.05 89.07 84450200 88.69
88.63 89.65 88.12 88.5 48731200 88.12
89.14 89.16 85.65 86.79 51929500 86.42
85.73 87.51 85.51 85.7 43122300 85.33
86.68 87.15 86.08 86.7 33136200 86.33
87.11 88.5 86.03 86.25 32356200 85.88
87.11 87.37 84.99 85.38 35245500 85.01
86.3 86.65 85.53 85.94 32202300 85.57
86.43 86.49 85.25 85.55 20641800 85.18
84.86 86 84.35 85.73 30573900 85.36
86.23 86.27 84.74 84.74 23726500 84.38
84.12 85.25 83.7 84.75 22197500 84.39
84.3 85.23 83.94 83.94 20673300 83.58
84.45 84.47 82.86 84.15 30871200 83.79
84.48 86.38 83.55 86.15 38100900 85.78
85.43 86.51 85.41 86.18 24251100 85.81
85.88 86.2 83.21 83.27 30733600 82.91
84.43 85.18 83.63 84.88 25859700 84.52
85.16 85.29 84.3 84.7 20749500 84.34
84.63 85.64 84.57 85.3 18142200 84.94
85.44 85.62 84.78 85.21 12987900 84.85
85.25 85.41 84.66 84.83 14281000 84.47
84.65 86.16 84.16 85.9 22060800 85.53
85.98 89.49 85.96 89.2 41261200 88.82
90.8 90.81 88.53 89.51 29936600 89.13
89.16 90.34 88.85 89.07 18496200 88.69
89.84 90 87.61 88.51 21994600 88.13
86.3 87.08 83.41 83.93 40921900 83.57
83 85.6 83 84.61 32838400 84.25
84.03 88.31 83.75 87.06 50554600 86.69
86.77 87.54 85.21 85.41 30714300 85.04
85.89 88.65 85.76 86.32 29960700 85.95
87.8 88.31 87.4 88.19 25828100 87.81
88.05 88.97 87.45 87.72 22367300 87.34
88.59 88.72 87.46 88 18250400 87.62
88.8 88.85 87.4 87.97 16137000 87.59
88.07 89.99 87.99 89.87 26050300 89.49
89.41 90.6 88.4 88.4 30996100 88.02
88.6 90 87.92 90 28449500 89.62
89.96 90.36 89.31 89.57 19982100 89.19
89.54 89.99 89.32 89.59 20418000 89.21
90.24 91.55 89.59 91.13 25462900 90.74
91.35 91.84 91.06 91.48 17461300 91.09
91.99 94 91.65 93.87 24532000 93.47
93.73 94.36 93 93.96 20053300 93.56
93.35 94.07 93.3 93.52 16103000 93.12
93.99 95.9 93.3 95.85 30892400 95.44
95.71 96.83 95 95.46 33287600 95.05
94.88 95.4 93.15 93.24 33654900 92.84
94.19 94.19 92.23 93.75 25918700 93.35
94.28 94.68 92.75 92.91 21448500 92.51
94.14 94.25 93.02 93.65 17928300 93.25
94.14 95.23 93.76 94.5 20854800 94.1
94.94 95.14 94.13 94.27 17028000 93.87
94.12 94.68 93.52 94.68 12697000 94.28
95.21 95.3 93.04 93.65 14762200 93.25
93.67 94.26 93.41 94.25 12588100 93.85
93.9 93.95 92.33 92.59 19607800 92.19
92.04 92.31 90.72 92.19 23452700 91.8
90.9 91.4 90.06 90.24 25712200 89.85
90.57 91.5 90.25 91.43 21751200 91.04
92 92.3 89.7 90.35 26854300 89.96
90.16 90.85 89.6 90.4 16573000 90.01
90.19 91.25 89.83 90.27 15211200 89.88
90.89 91.18 90.55 90.97 18670700 90.58
91.59 93.8 91.42 93.51 27867500 93.11
93.96 96.39 91.3 93.24 37687600 92.84
94.23 95.4 93.8 95.35 42398000 94.94
101.58 102.5 98.3 98.84 62063500 98.42
98.18 99.95 97.69 99.92 24978700 99.49
100.09 101 99.67 99.8 22018200 99.37
99.59 100.35 98.55 99.47 19018700 99.04
99.65 100.54 99.47 100.39 18040900 99.96
100.73 101.45 100.01 100.4 20574200 99.97
100.8 101.6 100.5 100.81 13642400 100.38
101.08 104.35 101.01 103.92 30769900 103.48
103.47 105.15 103.42 105.06 27999900 104.61
104.91 106.96 104.89 106.88 25634200 106.42
106.63 108.84 105.92 107.34 42759200 106.88
107.74 109.13 106.78 108.74 23346300 108.28
109.62 110 108.25 109.36 23283800 108.89
109.57 110.2 106.48 107.52 34089800 107.06
108.53 108.83 103.42 107.34 40241700 106.88
107.15 109.87 107.15 109.44 26260400 108.97
110.23 110.64 109.77 110.02 22190900 109.55
110.31 112.45 110.05 111.98 22853300 111.5
112.49 113.75 112.01 113.54 20443200 113.05
114.02 115 112.59 112.89 32549100 112.41
112.81 114.46 110.37 110.69 31691500 110.22
112 113.78 111.5 113.62 22605700 113.13
114.45 114.86 112.69 114.35 23060500 113.86
114.3 118.88 113.53 118.77 52801600 118.26
120.07 122.17 119.54 121.19 46323800 120.67
121.1 121.19 118.29 118.4 31616500 117.89
118.63 121.73 117.9 121.33 31666900 120.81
121.41 122.69 120.5 122.67 32885200 122.15
122.3 124.05 121.95 123.64 39722900 123.11
124.99 127.61 123.19 124.07 68395700 123.54
125.82 125.83 122.29 124.49 44345800 123.96
126 126.15 119.54 120.19 66937800 119.68
119.35 121.71 118.31 120.38 50948800 119.87
121.15 121.19 115.4 117.5 61476900 117
117.2 119.45 116.42 118.75 34759500 118.24
120.62 120.67 119.86 120.5 28972100 119.98
123.28 125.18 122.54 125.09 32521600 124.56
124.69 125.01 122.91 123.66 33679500 123.13
123.87 124.66 121.5 121.55 32054000 121.03
121.7 124.29 120.72 123.9 30965900 123.37
123.85 124.45 122.38 123 22567000 122.47
124.19 125.09 121.06 122.34 34478700 121.82
123.98 124 118.72 119.65 48035900 119.14
120.61 122.04 119.26 121.89 34810600 121.37
122.36 122.49 120 120.56 29933700 120.04
121.97 124 121.09 122.04 40637200 121.52
121.05 122.09 119.3 121.26 35530800 120.74
122 127.4 121.5 127.17 41517200 126.63
128.8 132.97 128.69 132.75 51894700 132.18
133.13 133.34 130.4 132.3 31239100 131.73
132.38 132.9 129.18 130.33 35565000 129.77
128.88 134.5 128.81 132.35 44821700 131.78
132.07 133.7 131.31 132.39 29349000 131.82
133.85 134.24 132.39 134.07 25164600 133.5
135.03 137.85 134.52 137.73 32414500 137.14
138.39 139.98 137.5 138.1 33432600 137.51
138.3 139.6 137.5 138.91 25355700 138.32
138.19 138.44 136.04 138.12 27030600 137.53
140.3 140.81 139.65 140 26174700 139.4
141.65 144.18 140 143.75 41706200 143.14
143.31 145.22 140.93 143.7 37017500 143.09
138.88 141 134.15 134.89 64117600 134.31
137.35 138.36 135 137.26 53435100 136.67
145.91 148.5 136.96 146 78093900 145.38
146.19 148.92 143.78 143.85 41467800 143.24
144.33 145.45 139.57 141.43 39535300 140.83
142.97 143.48 131.52 131.76 62942600 131.2
133.64 135.38 127.77 135 62505600 134.42
136.65 136.96 134.15 136.49 30451600 135.91
135.26 135.95 131.5 131.85 24256700 131.29
132.9 135.27 128.3 135.25 33041800 134.67
134.94 137.24 132.63 135.03 33926300 134.45
136.76 136.86 132 134.01 28860600 133.44
131.11 133 125.09 126.39 40192700 125.85
123.12 127.75 120.3 125 50383900 124.47
128.32 129.35 126.5 127.79 26889700 127.24
128.29 128.3 123.71 124.03 26393100 123.5
122.74 124.86 119.65 119.9 35459000 119.39
117.01 118.5 111.62 117.05 66667500 116.55
122.01 123.5 119.82 122.06 42680800 121.54
123.96 124.5 120.5 122.22 28689900 121.7
122.21 128.96 121 127.57 46537400 127.02
131.22 132.75 130.33 132.51 37920200 131.94
133.09 133.34 129.76 131.07 30958500 130.51
130.53 135.37 129.81 135.3 32565500 134.72
133.39 134.66 132.1 132.25 25265700 131.68
130.99 132.41 126.63 126.82 42120200 126.28
129.88 134.18 129.54 134.08 41673600 133.51
132.67 138.25 132.3 136.25 51270800 135.67
139.49 139.65 137.41 138.48 31317400 137.89
139.94 145.73 139.84 144.16 47030100 143.54
144.97 145.84 136.1 136.76 83150800 136.18
135.56 137.57 132.71 135.01 67902200 134.43
132.01 132.3 130 131.77 51092000 131.21
136.99 138.04 133.95 136.71 53137100 136.13
137.9 138.3 133.75 135.49 34710200 134.91
135.99 139.4 135.75 136.85 36527500 136.26
138.83 139 136.65 137.2 23434400 136.61
136.57 138.98 136.2 138.81 21690000 138.22
138.99 140.59 137.6 138.41 28334700 137.82
139.06 142.85 137.83 140.92 38003200 140.32
143.02 143.16 139.4 140.77 36674300 140.17
140.15 141.79 139.32 140.31 24708600 139.71
141.14 144.65 140.31 144.15 40674300 143.53
146.73 149.85 146.65 148.28 37577200 147.65
146.84 153.22 146.82 153.18 42591100 152.53
154.47 155 151.25 152.77 34831000 152.12
153.77 154.52 152.32 154.5 23507100 153.84
153.44 154.6 152.75 153.47 21967900 152.81
154.63 157.41 152.93 156.34 29895300 155.67
156.55 158.59 155.89 158.45 28288200 157.77
157.78 159.18 157.01 157.92 24732800 157.24
158 158.08 153.5 156.24 23462800 155.57
158.37 161.58 157.7 161.45 33695400 160.76
163.49 167.91 162.97 167.91 29854600 167.19
170.2 171.11 166.68 167.86 39438800 167.14
167.55 167.88 165.6 166.79 23842500 166.08
169.49 171.88 153.21 162.23 58714000 161.54
163.01 167.28 161.8 167.25 35292000 166.53
167.98 169.57 163.5 166.98 38497500 166.27
165.54 170.18 165.15 169.58 38136800 168.86
172.69 173.04 169.18 172.75 40271900 172.01
171.5 174.19 171.05 173.5 29417000 172.76
174.24 174.63 170 170.42 46135000 169.69
170.35 174.9 169.96 174.36 58910700 173.61
188.56 188.6 182.76 186.16 64113000 185.36
185.81 187.21 179.24 185.93 46017200 185.14
184.87 185.9 181.66 182.78 34771500 182
185.29 185.37 182.88 184.7 25219800 183.91
185.45 186.59 184.7 185.09 19305500 184.3
186.18 189.37 184.73 187 33550500 186.2
187.63 190.12 184.95 189.95 29761100 189.14
188.6 190.1 180 187.44 28751300 186.64
189.21 189.44 183.49 187.87 35789800 187.07
185.29 188.96 184.24 186.18 28720600 185.38
187.05 192 185.27 191.79 34097400 190.97
190.61 192.68 186.13 186.3 35473400 185.5
186.67 186.9 167.77 175.47 67458500 174.72
171.15 175.12 165.21 165.37 54458700 164.66
165.28 167.7 150.63 153.76 63057700 153.1
160.85 170.98 153.76 169.96 62034100 169.23
177.16 177.57 163.74 166.11 51695400 165.4
166.39 169.59 160.3 164.3 53095600 163.6
165.3 167.02 159.33 166.39 49391300 165.68
166.1 168.2 162.1 163.95 41196800 163.25
165.67 171.79 163.53 168.85 55130100 168.13
165.84 172.35 164.67 168.46 43493200 167.74
172 172.05 169.75 171.54 16634200 170.81
173.59 177.27 172.35 172.54 46634100 171.8
175.22 175.79 170.01 174.81 47036800 174.06
176.82 180.6 175.35 180.22 41104000 179.45
179.43 185.17 179.15 184.29 37533100 183.5
187.34 187.7 179.7 182.22 42421500 181.44
181.86 184.14 177.7 178.86 34338200 178.1
177.15 180.9 176.99 179.81 27635700 179.04
182.89 186 182.41 185.5 31871500 184.71
186.19 190.1 186.12 189.95 32136100 189.14
190.54 194.99 188.04 194.3 38073800 193.47
193.59 195.66 192.69 194.21 25799200 193.38
194.75 196.83 187.39 188.54 39675900 187.73
193.44 194.48 185.76 190.86 43773600 190.04
190.19 192.12 187.82 191.83 30879200 191.01
190.37 193.2 189.54 190.39 24082600 189.58
190.72 192.65 182.98 184.4 36596200 183.61
186.52 187.33 178.6 182.98 43664400 182.2
182.98 184.64 180.9 183.12 29552800 182.34
185.43 187.83 183.33 187.21 27644900 186.41
190.12 193.91 189.89 193.91 35498600 193.08
195.03 199.33 194.79 198.8 17150100 197.95
199.01 200.96 196.82 198.95 25133300 198.1
198.95 202.96 197.8 198.57 28411700 197.72
200.59 201.56 196.88 199.83 24987400 198.98
199.5 200.5 197.75 198.08 19261900 197.23
199.27 200.26 192.55 194.84 38542100 194.01
195.41 197.39 192.69 194.93 30073800 194.1
191.45 193 178.89 180.05 51994000 179.28
181.25 183.6 170.23 177.64 74006900 176.88
180.14 182.46 170.8 171.25 54422000 170.52
171.3 179.5 168.3 179.4 64781500 178.63
177.58 181 175.41 178.02 52963400 177.26
176 177.85 170 172.69 44010200 171.95
177.52 179.42 175.17 178.78 39301800 178.02
177.72 179.22 164.66 169.04 83688500 168.32
165.23 169.01 156.7 159.64 79065900 158.96
161.51 165.36 158.42 160.89 62780700 160.2
161.71 165.75 159.61 161.36 61583700 160.67
148.06 159.98 146 155.64 86955500 154.97
136.19 140 126.14 139.07 120463200 138.48
139.99 140.7 132.01 135.6 71638100 135.02
138.99 139.09 129.61 130.01 55526400 129.45
128.16 133.2 126.45 130.01 52673000 129.45
131.15 132.79 129.05 131.54 39285100 130.98
131.37 135.45 130 132.18 44394700 131.61
129.45 136.65 129.4 135.36 48059800 134.78
136.24 136.59 132.18 133.75 36098000 133.18
134.21 135.9 131.42 131.65 32115500 131.09
130.43 134 128.9 129.36 40751500 128.81
130.83 131.92 121.77 122 56188300 121.48
119.97 124.78 117.27 121.24 74404700 120.72
122.08 125.7 121.6 125.48 48427600 124.94
128.01 129.98 127.2 129.45 42908300 128.9
130.7 131 123.62 124.86 43785000 124.33
126.68 129.78 125.63 129.4 34590500 128.85
129.4 130.8 127.01 127.46 34074900 126.92
126.27 127.08 124.06 124.63 32189300 124.1
125.99 126.75 121.44 122.18 35894500 121.66
122.2 124.6 121.68 123.82 34551400 123.29
126.05 126.47 120.86 121.54 33504100 121.02
122.48 122.51 115.87 119.46 54638500 118.95
118.59 120.17 116.66 119.74 44884800 119.23
117.64 121.09 115.44 119.15 53746000 118.64
118.23 123.05 118.09 122.96 52683500 122.43
127.2 132.2 125.77 129.91 57794800 129.35
129.29 130.21 124.8 125.02 44838600 124.49
124.44 125.98 118 121.73 56894400 121.21
121.99 124.88 120.4 124.62 63763700 124.09
123.58 125.14 122.25 124.49 43637000 123.96
124.61 127.5 120.81 120.93 52632100 120.41
120.41 122.98 119.05 122.25 43945100 121.73
121.98 123.46 119.37 119.69 35699600 119.18
124.1 127.48 122 127.35 41569400 126.81
127.04 128.68 125.17 126.03 37843900 125.49
124.1 129.5 123 127.94 45075100 127.39
129.88 130.3 124.2 126.61 41308600 126.07
122.55 128.59 122.55 126.73 38307100 126.19
129.18 133 128.67 132.82 43040000 132.25
133.12 134.29 129.67 129.67 36090600 129.12
131.12 133.29 129.18 133.27 32456700 132.7
134.01 140.85 133.64 139.53 38104300 138.93
139.96 143.1 137.33 140.98 37585400 140.38
140.87 145.74 140.64 145.06 42217300 144.44
144.95 145.31 139.99 140.25 35708200 139.65
141.8 144.65 141.6 143.01 25521800 142.4
143.27 145.71 142.52 143.5 27430900 142.89
146.3 149.66 143.61 149.53 36877400 148.89
148.78 151.2 145.85 147.49 37320300 146.86
147.06 153.63 147 151.61 37556000 150.96
152.19 154.71 150.75 153.08 30514900 152.43
156.13 159.69 155.11 155.89 41368800 155.22
153.55 156.45 152.32 152.84 36224800 152.19
153.31 153.89 150.46 151.44 31192800 150.79
151.13 155.42 150.6 154.55 34134400 153.89
152.72 153.3 146.4 147.14 43217000 146.51
146.77 149.25 144.54 147.78 30181700 147.15
149.4 149.72 145.72 148.38 24929900 147.75
151.72 154.1 150.62 153.7 28420500 153.04
154.17 156 153.35 154.49 25152400 153.83
159.12 162.26 158.38 161.04 36670200 160.35
162.21 168.5 161.76 168.16 37112600 167.44
167.4 168 158.09 160.2 51413300 159.52
164.05 164.84 161.08 162.89 53721100 162.19
165.34 169.98 159.19 168.94 60573800 168.22
170.7 171.1 166.42 169.73 35445500 169
169.75 173.75 169.13 172.24 28114800 171.5
171.11 175.66 170.25 175.05 32981300 174.3
176.19 180 172.92 173.95 40697300 173.21
174.96 180 174.86 180 32270600 179.23
180.19 181.92 178.55 180.94 35931500 180.17
181.92 185.31 181.05 184.73 30519900 183.94
184.66 187.12 182.18 186.66 32816800 185.86
186.05 188.2 180.54 182.59 41326200 181.81
183.77 186.5 183.07 185.06 32110200 184.27
183.16 184.25 181.37 183.45 24038300 182.67
185.21 188.87 182.85 188.16 29234400 187.36
188.61 191.45 187.86 189.96 29401300 189.15
191.23 192.24 185.57 186.26 32743700 185.46
186.81 189.9 184.2 189.73 31186000 188.92
190.11 190.3 187 187.62 27348900 186.82
187.86 188.69 181.3 183.6 33779300 182.82
181.82 186.16 180.12 185.9 34637500 185.11
185.67 187.95 176.25 178.19 41344900 177.43
179.26 181.33 172 177.05 43097700 176.29
180.77 181.99 177.8 181.17 32389900 180.4
182.75 186.43 181.84 186.43 28210900 185.63
187.41 187.95 183.72 187.01 26570700 186.21
186.76 188.2 185.5 186.69 23113800 185.89
187.45 189.54 187.38 188.75 21792300 187.94
188.6 189.65 184.53 186.1 24280000 185.3
186.86 188.2 182.34 185.37 26804300 184.58
184.02 187.09 183.23 185.19 25963700 184.4
186.34 189.84 185.7 189.43 26980200 188.62
188 189.95 185.55 185.64 34438700 184.85
184.79 184.94 175.75 181.61 67442600 180.83
180.51 186.78 179.02 185.64 40728600 184.85
184.34 186 179.59 180.81 34341100 180.04
181.49 182.6 171.2 173.26 46726200 172.52
171.64 174.16 165.31 172.37 48069900 171.63
171.3 177.9 169.07 176.84 37561800 176.08
178.1 181.99 177.41 181.43 32130600 180.65
181.12 182.2 177.35 178.75 28981000 177.99
178.55 182.34 176.8 180.9 28283900 180.13
179.35 181 175 175.27 31727400 174.52
174.74 175.88 171.56 173.16 23063600 172.42
172.37 175.78 171.63 173.25 22212400 172.51
174.61 178.83 173.88 177.39 23016100 176.63
174.07 174.84 168.01 168.26 31057500 167.54
166.51 170.57 164.15 170.09 37223200 169.36
170.19 172 166.62 167.44 24435600 166.72
164.23 174.72 164 174.68 39688600 173.93
175.2 177.45 168.18 168.18 29911400 167.46
169.59 172.17 165.75 170.12 18691500 169.39
173.16 177.13 171.9 175.16 29299700 174.41
175.4 179.7 172.74 179.55 31726800 178.78
180.2 180.91 174.14 174.25 31992000 173.51
174.92 177.34 171.37 176.63 30024600 175.87
175.47 177.11 171 172.58 33214700 171.84
179.24 179.3 173.08 173.88 31644800 173.14
172.48 173.74 166.39 169.64 37144400 168.91
170.2 172.93 168.6 172.81 26706800 172.07
174.1 174.98 171.39 171.81 27054500 171.08
168.52 169.65 165 165.15 31014800 164.44
166.9 167.5 161.12 166.29 48588200 165.58
149 162.76 146.53 162.02 67128300 161.33
164.99 168.37 161.56 166.26 37920300 165.55
164.32 165.26 158.45 159.03 29986400 158.35
160.4 163 158.65 162.12 22629900 161.43
162.34 162.47 154.02 154.4 27882600 153.74
155.41 159.45 153.65 157.08 24431100 156.41
157.78 160.49 156.08 159.88 25899400 159.2
157.54 162.2 156.98 158.95 22767800 158.27
159.9 159.99 155.75 156.66 19451400 155.99
156.6 157.9 152.91 153.23 21161700 152.57
155.42 160.8 154.82 160.64 24584700 159.95
159.97 167.4 158 164.19 28264600 163.49
162.71 166.15 161.5 163.57 24013300 162.87
163.86 169.65 163.75 169.55 25499900 168.83
170.07 176.5 169.67 173.56 31832300 172.82
173.52 179.29 173.51 176.73 29867100 175.97
177.98 180 175.9 179.3 30083800 178.53
178.33 180.45 177.84 179.32 25403600 178.55
179.04 179.75 175.05 175.74 25294700 174.99
175.57 177.81 173.82 175.39 19714800 174.64
174.54 177.07 171.81 173.53 22007300 172.79
174.77 176.94 173.61 175.84 18105400 175.09
174.47 175.45 171.89 174.29 19276600 173.54
175.82 177.5 175.57 176.79 15700400 176.03
176.15 176.23 171.66 172.55 17300900 171.81
172.76 174.88 172.61 173.64 15912500 172.9
173.31 175.76 172.19 174.67 17063600 173.92
175.28 176.25 172.75 173.74 15406600 173
172.96 173.5 169.04 169.53 21403200 168.81
172.4 173.5 165 166.19 27884400 165.48
166.84 168.68 164 166.96 26244100 166.25
165.86 167.91 160.81 161.22 26549500 160.53
158.59 162.4 157.65 160.18 28103000 159.5
164.57 164.89 151.46 157.92 37356400 157.24
156.86 159.96 149.79 151.68 44465200 151.03
152.32 154.99 148.8 151.61 34755100 150.96
148.18 152.99 146 152.65 34683400 152
150.91 150.91 146.5 148.94 28322400 148.3
142.03 147.69 140.36 140.36 32879800 139.76
133.86 142.5 132.15 139.88 42851300 139.28
138.49 138.51 127.83 127.83 42873400 127.28
130.57 135.43 120.68 134.09 59866200 133.52
142.6 144.2 136.31 140.91 51102700 140.31
139.94 140.25 130.66 131.05 30596900 130.49
131.85 135.8 126.66 126.84 45727300 126.3
127.27 130.95 125.15 128.71 37393400 128.16
129.8 134.79 128.52 131.93 35930200 131.37
124.91 129.8 123 128.24 40230400 127.69
119.62 119.68 100.59 105.26 93644900 104.81
108.25 115 106.3 113.66 58095800 113.17
111.92 112.36 107.39 109.12 46303000 108.65
108.01 108.79 100 100.1 57477300 99.67
104 106.5 94.65 97.07 81942800 96.66
91.96 98.78 87.54 98.14 75264900 97.72
100.48 101.5 88.95 89.16 67099000 88.78
85.91 96.33 85.68 89.79 78847900 89.41
93.35 95.8 86.6 88.74 57763700 88.36
85.7 100 85 96.8 79260700 96.39
104.55 110.53 101.02 110.26 54967000 109.79
116.26 116.4 103.14 104.08 70749800 103.64
103.84 107 97.89 97.95 56577700 97.53
99.77 103.43 91.74 101.89 70732900 101.45
99.6 102.04 85.89 97.4 62936700 96.98
99.78 100.03 93.64 98.44 55280200 98.02
96.95 97.9 91.16 91.49 78345000 91.1
97.37 101.25 92.93 96.87 80314600 96.46
96.51 99.25 91.9 98.23 59836800 97.81
90.33 97.9 90.11 96.38 56787800 95.97
95.07 97.63 91.86 92.09 43170400 91.7
95.43 100.5 92.37 99.91 58361900 99.48
100.86 109.54 99.94 104.55 69677800 104.1
108.23 112.19 107.61 111.04 58503200 110.57
107.4 110.78 105.14 107.59 59277000 107.13
105.93 109.1 104.86 106.96 37783500 106.5
109.99 111.79 106.67 110.99 49952900 110.52
108.91 109.72 102.99 103.3 44873400 102.86
101.05 102.78 98 99.1 47109800 98.68
99.24 99.85 95.72 98.24 39116200 97.82
100.17 100.4 94.5 95.88 40136500 95.47
94.81 97.17 92.26 94.77 43733500 94.36
92.43 93.24 90.01 90.12 42106300 89.73
89.87 96.44 86.02 96.44 66217400 96.03
93.76 93.99 90 90.24 50188100 89.85
88.48 90.55 87.26 88.14 41518800 87.76
89.64 90.99 86.86 89.91 43203400 89.53
89.44 91.58 86.21 86.29 41853600 85.92
85.24 86.45 80 80.49 61314800 80.15
81.93 84.12 79.14 82.58 56045400 82.23
85.21 94.79 84.84 92.95 51509200 92.55
94.63 94.71 88.16 90.8 44117600 90.41
89.92 95.25 89.85 95 32137000 94.59
94.7 94.76 91.86 92.67 10634800 92.27
91.3 92.27 88.92 88.93 32991700 88.55
90.03 92.65 86.5 92.47 41025800 92.07
89.4 96.23 88.8 95.9 47810000 95.49
94.43 95.21 89.06 91.41 38977500 91.02
90.35 94.49 88.86 94 37278400 93.6
97.28 100.8 95.8 99.72 42326500 99.29
98.04 103.6 97.21 100.06 42982000 99.63
97.87 99.49 96.5 98.21 33501700 97.79
97.35 101.24 94.83 95 37164900 94.59
92.8 99 92.53 98.27 37184800 97.85
95.99 96.21 93 94.75 31848500 94.34
93.98 96.48 92.75 95.43 39053800 95.02
91.03 91.1 88.02 89.16 46209300 88.78
89.31 90.83 88.44 89.43 30622000 89.05
89.94 90.94 88.8 90 28640000 89.62
90.02 90.03 84.69 85.74 30169300 85.37
86.87 87.87 85.9 86.38 22679700 86.01
86.14 86.25 84.55 85.04 9690500 84.68
86.64 87.42 85.24 85.81 11011600 85.44
86.52 87.62 85.07 86.61 24500000 86.24
87.42 88.05 84.72 86.29 34557200 85.92
85.97 87.74 85.34 85.35 21697900 84.99
85.88 91.04 85.16 90.75 26643400 90.36
93.17 96.18 92.71 94.58 42200300 94.18
95.95 97.17 92.39 93.02 46046800 92.62
91.81 92.5 90.26 91.01 26894600 90.62
90.43 93.15 90.04 92.7 23912000 92.3
93.21 93.38 90.14 90.58 19530200 90.19
90.46 90.99 87.55 88.66 22061300 88.28
88.24 89.74 86.35 87.71 28514200 87.34
86.24 87.25 84.72 85.33 36488000 84.97
80.57 84.12 80.05 83.38 65415500 83.02
84.3 84.38 80.4 82.33 37415200 81.98
81.93 82 78.2 78.2 32854100 77.87
79.39 82.88 79.31 82.83 38902500 82.48
88.04 90 85.82 88.36 50340300 87.98
86.82 89.87 86.5 88.36 27277500 87.98
88.86 90.97 88.3 89.64 24722800 89.26
90.19 91.55 89.74 90.73 22072800 90.34
92.12 95 91.5 94.2 30764500 93.8
93.09 94.34 92.6 93 21168900 92.6
92.6 93.62 90.01 90.13 23267100 89.74
89.1 92 88.9 91.51 19937400 91.12
91.92 93.38 90.28 92.98 21403900 92.58
93.22 96.25 93.1 93.55 28872200 93.15
92.77 97.25 92.62 96.46 26758800 96.05
97.02 100 97 99.72 24543200 99.29
100 103 99.5 102.51 25536100 102.07
101.33 102.51 97.06 97.83 30323600 97.41
96.37 98.31 95.77 96.82 24106200 96.41
95.83 99.75 95.83 99.27 29185300 98.85
98.99 99.94 98.12 99.16 21749200 98.74
96.87 97.04 94.28 94.53 24222800 94.13
95.05 95.85 92.72 94.37 24456400 93.97
93.37 94.25 90.11 90.64 32957300 90.25
89.4 92.4 89 91.2 26797000 90.81
91.65 92 86.51 86.95 28106500 86.58
87.45 90.89 87 90.25 28825200 89.86
89.86 92.92 89.25 91.16 29751900 90.77
92 92.92 88.96 89.19 22495300 88.81
87.93 91.3 87.67 89.31 25237800 88.93
88.12 91.2 87.67 87.94 27533200 87.56
88.93 90.74 87.88 88.37 25869300 87.99
90.18 92.77 89.45 91.17 26478700 90.78
90.46 91.87 88.45 88.84 25246400 88.46
88.34 88.4 82.33 85.3 36112400 84.94
84.18 87.6 82.57 83.11 24939200 82.75
84.87 89.17 84.36 88.63 30152100 88.25
89.81 94.07 89.58 92.68 30227600 92.28
92.9 96.58 92 96.35 27444900 95.94
96.3 97.2 95.01 95.93 21470300 95.52
96.53 97.39 94.18 95.42 28473000 95.01
95.24 99.69 95.07 99.66 28094500 99.23
99.91 103.48 99.72 101.52 28429900 101.09
101.85 103.2 100.25 101.62 17863600 101.19
102.09 103.11 100.57 101.59 24842400 101.16
102.71 108.16 101.75 107.66 23799900 107.2
106.36 109.44 105.39 106.5 22879000 106.04
107.58 108.36 103.86 106.49 23093500 106.03
107.83 109.98 107.58 109.87 22009000 109.4
108.23 108.53 106.4 106.85 17602600 106.39
104.51 105.01 102.61 104.49 17957000 104.04
105.45 107.45 105 105.12 20338500 104.67
104.09 109 103.89 108.69 21049000 108.23
110.14 114.75 109.78 112.71 29013100 112.23
114.19 116.13 113.52 115.99 22722900 115.49
114.94 118.75 113.28 118.45 23502300 117.94
116.53 116.67 114.19 115 19163600 114.51
115.43 116.79 114.58 116.32 16272500 115.82
118.42 120 117.96 119.57 18955600 119.06
120.01 120.98 119 120.22 13901300 119.71
119.57 120.17 117.25 118.31 16236500 117.8
117.2 118.25 115.76 117.64 14745800 117.14
119.19 123.15 118.79 121.45 21194500 120.93
121.18 124.25 120.25 123.42 17767700 122.89
121.73 122.99 119.16 120.5 16659500 119.98
118.89 122.14 118.6 121.76 16810200 121.24
122.63 125.35 121.2 121.51 33527400 120.99
126.62 127.2 123.51 125.4 33755600 124.86
124.64 125.14 122.97 123.9 19313000 123.37
122.9 125 122.66 124.73 17167500 124.2
123.35 126.21 123.26 123.9 16280600 123.37
124.85 126.85 123.83 125.14 16361100 124.61
126.22 127 124.92 125.83 17803200 125.29
125.8 127.95 125.8 127.24 14197000 126.7
128.24 132.25 127.68 132.07 21762800 131.51
131.75 132.86 131.12 132.71 14223400 132.14
133.33 133.5 130.22 132.5 16912100 131.93
132.33 132.39 127.9 129.06 18992000 128.51
129.04 131.23 126.26 129.19 16713000 128.64
127.37 130.96 127.12 129.57 14452100 129.02
129.56 129.71 123.25 124.42 21767200 123.89
123.21 124.02 119.38 119.49 21284700 118.98
119.78 123.53 119.7 122.95 15993800 122.42
122.32 124.62 121.61 122.42 13127400 121.9
123.73 126.7 121.57 126.65 16387200 126.11
126.82 129.31 125.74 127.45 13300800 126.91
127.63 129.21 125.3 125.87 13878000 125.33
125.15 126.78 122.89 124.18 14569500 123.65
124.05 124.18 121.75 122.5 10642800 121.98
124.76 130.83 124.55 130.78 22747400 130.22
131.78 134.98 130.91 133.05 23086500 132.48
133.45 135.39 132.03 135.07 17412600 134.49
135.39 135.9 133.85 135.81 16304800 135.23
136.47 139.99 136 139.35 16160700 138.75
138.99 141.34 138.35 139.49 16293700 138.89
140 141.11 139.07 140.95 20185700 140.35
140.13 144.18 140.04 143.74 19665500 143.13
145.31 146.4 143.21 144.67 22597000 144.05
143.82 144.23 139.43 143.85 33273300 143.24
143.81 144.56 140.55 142.72 24177300 142.11
142.28 142.35 138.3 140.25 24593700 139.65
139.55 141.56 138.55 139.95 18743700 139.35
138.81 139.1 136.04 136.97 20110200 136.38
136.01 136.93 134.89 136.09 19276800 135.51
136.66 138.47 136.1 136.35 18385900 135.77
136.67 137.45 134.53 135.58 20407600 135
136.11 138 135.59 135.88 15274300 135.3
138.07 139.5 136.9 139.48 25780600 138.88
140.67 141.56 136.33 137.37 22675500 136.78
136.4 136.95 132.88 134.01 25233300 133.44
135.42 137.5 134.86 136.22 17340200 135.64
135.75 140.2 135.21 139.86 21051700 139.26
139.79 143.56 139.74 142.44 15692300 141.83
143.46 143.95 141.54 141.97 20272000 141.36
142.58 143.8 141.8 142.43 15508000 141.82
143.5 144.66 142.52 142.83 14792100 142.22
141.25 142.83 139.79 140.02 13231400 139.42
138.7 138.99 136.25 138.61 17810300 138.02
138.48 139.68 135.18 135.4 16485600 134.82
135.92 138.04 134.42 137.22 20568900 136.63
137.76 137.99 135.93 136.36 12250900 135.78
136.34 138.97 136.32 138.52 15902700 137.93
139.54 142.34 137.53 142.34 17267900 141.73
142.03 143.18 141.16 142.27 12401700 141.66
145.04 147 144.32 146.88 17342400 146.25
145.76 148.02 145.57 147.52 14056100 146.89
149.08 152.02 148.63 151.75 21505500 151.1
153.27 155.04 150.89 152.91 26268800 152.26
153.29 153.43 149.75 151.51 31242200 150.86
157.79 158.73 156.11 156.74 31218000 156.07
156.63 158.44 155.56 157.82 18820100 157.15
156.95 160 156.5 159.99 15655800 159.31
160.17 160.88 157.26 160.1 15475400 159.42
158.88 160.1 157.6 160 12984100 159.32
158.9 160.45 158.25 160.03 13648500 159.35
161.7 164.72 161.5 162.79 16771600 162.09
162.99 165 162.91 163.39 15090600 162.69
165.21 166.64 164.87 166.43 14080000 165.72
164.93 165.57 164.21 165.55 14136100 164.84
165.75 167.39 164.21 165.11 15113700 164.4
165.58 166.51 163.09 163.91 12200600 163.21
165.49 166.6 164.8 165.51 13834100 164.8
165.66 166.6 163.66 164.72 10724800 164.02
163.69 164.38 161.88 162.83 12690800 162.13
162.55 166.71 162.46 165.31 15895400 164.6
166.65 168.67 166.5 168.42 15713600 167.7
167.94 168.23 165.53 166.78 10922000 166.07
163.55 163.59 159.42 159.59 18727900 158.91
161.63 164.24 161.41 164 15398300 163.3
162.75 165.3 162.45 164.6 14759700 163.9
164.98 166.72 164.61 166.33 12215400 165.62
167.65 169.37 166.8 169.22 14859800 168.5
170.12 170.71 168.27 169.06 14533200 168.34
169.46 170.94 169.13 169.4 11584100 168.68
168.92 169.55 166.76 167.41 10857100 166.69
168.75 169.57 164.83 169.45 16042200 168.73
172.27 172.49 168.53 170.05 16203600 169.32
168.16 168.85 166.5 168.21 11119200 167.49
167.99 170 164.94 165.3 16751000 164.59
164.62 167.61 164.11 165.18 13008900 164.47
166.44 167.1 165 166.55 10498400 165.84
167.28 170.7 167.09 170.31 13379600 169.58
172.98 173.14 172 172.93 11251700 172.19
172.78 174.47 169.7 171.14 28967400 170.41
172.06 173.25 170.81 172.56 17540500 171.82
172.91 173.18 170.87 172.16 12462900 171.42
170.83 173.9 170.25 173.72 11500400 172.98
174.04 175.65 173.59 175.16 15231100 174.41
177.99 182.75 177.88 181.87 26929400 181.09
181.98 186.79 181.97 184.55 28949000 183.76
185.83 186.55 184.76 185.02 21485100 184.23
184.29 185.16 181.62 184.02 15632700 183.23
185.19 185.38 182.85 184.48 12741200 183.69
185.4 188.9 185.03 185.5 21198700 184.71
187.2 187.7 182.77 183.82 19674300 183.03
182.01 185.5 181.44 182.37 15901400 181.59
183.87 186.68 183.33 186.15 12051600 185.35
186.73 187.4 184.31 185.38 12335200 184.59
186.13 186.45 182.61 185.35 19270900 184.56
185.35 186.22 180.7 180.86 18739700 180.09
181.41 185.94 181.35 184.9 19761000 184.11
186.2 186.86 184.27 186.02 15111900 185.22
187.74 190.01 187.3 190.01 21610200 189.2
189.76 190.55 189.03 190.25 16631000 189.44
190.66 191.45 188.89 189.27 15650400 188.46
188.97 190.7 188.62 190.47 10474000 189.66
191.02 191.51 189.64 190.81 10286600 189.99
190.63 191.17 189.7 190.02 12429300 189.21
192.25 192.32 190.23 191.29 13411100 190.47
189.63 190.92 189.53 190.56 13341300 189.75
189.35 190.36 187.84 188.05 15408100 187.25
187.85 190 185.55 189.86 33651100 189.05
200.6 201.75 197.85 198.76 40751400 197.91
199.52 208.71 199.23 204.92 42633100 204.04
204.7 207.85 202.51 205.2 28264000 204.32
205.7 205.8 203.23 203.94 15028100 203.07
203.67 206.75 200.1 202.48 17297800 201.61
201.66 202.81 196.45 197.37 27019700 196.53
197.71 198.02 191.1 192.4 29228100 191.58
195 196.81 192.14 196.35 20366800 195.51
196.06 196.8 188.17 188.5 25625900 187.69
189.8 192.88 185.57 189.31 24249400 188.5
187.85 189.52 185.92 188.75 18662200 187.94
190.73 193.85 190.23 190.81 17411800 189.99
192.4 195 191.82 194.03 13742900 193.2
192.51 195.19 192.4 194.34 10539200 193.51
196.94 201.9 196.26 201.46 18887700 200.6
201.02 204.98 201.01 202.98 14328400 202.11
204.56 205 201.83 203.25 15852500 202.38
203.14 204.87 201.43 201.99 12990400 201.13
202.87 204.83 202.07 204.45 12258600 203.58
205.48 208 205.01 206.63 17328800 205.75
206.08 207.44 205 207 14161200 206.12
206.54 207 204 205.96 13368600 205.08
204.61 204.61 199.8 200.51 19368800 199.65
199.15 200.39 197.76 199.92 14523800 199.07
203 206 202.95 205.88 16960600 205
205.33 205.88 202.9 204.44 11372800 203.57
205.4 205.65 203.76 204.19 10230500 203.32
199.22 202.96 198.37 200.59 10544900 199.73
201.11 201.68 198.77 199.91 15173500 199.06
202.24 202.77 196.83 196.97 16634400 196.13
198.96 201.42 195.75 196.23 25545000 195.39
197.42 198.98 196.27 196.48 16025700 195.64
199.7 199.88 190.28 193.32 29531600 192.49
193.32 193.77 188.68 188.95 25527100 188.14
189.36 192.35 188.7 189.87 24657100 189.06
191.28 198.16 190.31 197.8 24456500 196.95
199.5 199.7 196.12 196.43 17488200 195.59
197.78 198 193.43 194.67 15349100 193.84
195.37 197.43 192.56 196.98 17706800 196.14
195.83 197.51 193.27 194.17 14980700 193.34
195.1 196.5 194.55 195.03 12606600 194.2
194.26 195 191 191.86 13887100 191.04
193.17 195.5 192.6 195.43 21741800 194.59
196.05 199.75 195.67 198.23 21853800 197.38
199.44 200.85 198.66 200.36 12482700 199.5
201.2 202.38 200.81 202.1 12340200 201.24
203.55 209.35 203.35 209.04 17888900 208.15
211.72 213.95 209.61 211.61 23020200 210.71
212.63 212.72 208.73 209.1 15900200 208.21
208.83 212 208.31 211.64 14717300 210.74
213.13 213.35 210.56 210.73 12586100 209.83
213.43 214.5 212.38 214.01 17633200 213.1
214.6 215.59 213.25 214.38 21496600 213.46
214.38 215.23 210.75 210.97 19720000 210.07
211.75 212 209.05 210.58 17040400 209.68
210.3 212 209.06 211.98 15986100 211.07
212.8 213 208.45 210.11 16508200 209.21
209.19 209.77 206.42 207.72 21230700 206.83
207.87 210.93 204.1 210.65 21639000 209.75
210.11 210.46 209.02 209.43 15460500 208.53
210.93 211.6 205.87 205.93 21216700 205.05
208.33 215.19 207.24 215.04 26071700 214.12
214.91 215.55 209.5 211.73 21862600 210.82
212.08 213.31 207.21 208.07 21719800 207.18
206.78 207.5 197.16 197.75 31491700 196.9
202.51 204.7 200.19 203.07 38060700 202.2
205.95 213.71 202.58 205.94 66682500 205.06
206.85 210.58 199.53 207.88 61520300 206.99
204.93 205.5 198.7 199.29 41910800 198.44
201.08 202.2 190.25 192.06 44498300 191.24
192.37 196 191.3 194.73 26781300 193.9
195.91 196.32 193.38 195.86 24940800 195.02
195.17 200.2 194.42 199.23 21976000 198.38
196.73 198.37 191.57 192.05 27059000 191.23
192.63 196 190.85 195.46 30368100 194.62
195.69 197.88 194 194.12 17081100 193.29
196.42 197.5 194.75 196.19 22603100 195.35
195.89 196.6 194.26 195.12 13227200 194.29
194.88 199.75 194.06 198.67 19655200 197.82
198.11 201.64 195.5 200.38 23409600 199.52
201.94 203.69 201.52 203.4 19419200 202.53
204.19 204.31 200.86 202.55 15585600 201.68
201.63 203.89 200.92 202.93 15100900 202.06
201.86 203.2 201.11 201.67 14838200 200.81
202.34 202.5 199.19 200.42 13948700 199.56
200 201.33 195.71 197.06 20539100 196.22
198.23 201.44 197.84 200.66 16448800 199.8
197.38 202.86 196.89 202 23754500 201.14
202.38 205.17 202 204.62 18123600 203.75
205.75 209.5 205.45 208.99 19646200 208.1
209.93 210.83 207.74 208.85 20233800 207.96
208.94 209.87 207.94 209.33 13287600 208.44
209.28 210.92 208.63 210.71 13072900 209.81
214.94 219.7 214.63 218.95 32129300 218.01
220.01 220.09 218.25 219.08 15353200 218.14
218.31 225 217.89 223.02 32866400 222.07
223.83 225.48 223.2 224.84 21293500 223.88
223.91 225.5 223.32 225.5 14489300 224.54
227.37 227.73 225.75 226.6 14868700 225.63
225.38 225.5 220.25 223.84 17625100 222.88
224.18 224.98 222.51 224.45 15961000 223.49
224.9 226.45 223.27 224.12 16105600 223.16
224.1 225 222.61 224.65 12218200 223.69
224.79 225.24 221.23 222.25 19980200 221.3
220.47 226 220.15 224.75 16300700 223.79
225.64 228.78 224.1 228.36 21515400 227.38
227.64 230.2 227.51 229.37 21349300 228.39
230.92 230.97 226.25 226.65 19367300 225.68
228.95 231.95 228.55 230.9 22888400 229.91
233 233.87 231.62 232.39 19312300 231.4
236.6 237.48 234.25 235.85 18832500 234.84
235.49 236.61 234.46 235 15380700 234
237.41 238.73 232.75 235.97 21540900 234.96
234.98 238.51 234.77 238.49 24446700 237.47
