date            return
20010102      -0.002206
20010103       0.115696
20010104      -0.015192
20010105       0.008719
20010108      -0.004654
20010109      -0.010688
20010110       0.009453
20010111       0.002676
20010112       0.001334
20010116      -0.011326
20010117       0.042453
20010118       0.120233
20010119       0.027121
20010122      -0.024157
20010123       0.004606
20010124       0.012607
20010125       0.002830
20010126       0.031038
20010129       0.006940
20010130       0.014176
20010131      -0.039533
20010201       0.018304
20010202      -0.033143
20010205       0.017684
20010206       0.017555
20010207       0.024958
20010208      -0.024036
20010209      -0.018405
20010212       0.025893
20010213      -0.010009
20010214       0.011868
20010215       0.014596
20010216      -0.015242
20010220      -0.030435
20010221      -0.035785
20010222       0.012929
20010223      -0.044995
20010226       0.012500
20010227      -0.025736
20010228      -0.026221
20010301       0.061562
20010302      -0.035361
20010305       0.025513
20010306       0.010390
20010307       0.014623
20010308      -0.010042
20010309      -0.067437
20010312      -0.038272
20010313       0.030370
20010314      -0.034861
20010315       0.006318
20010316      -0.057137
20010319       0.027747
20010320      -0.046436
20010321       0.008834
20010322       0.000224
20010323       0.049495
20010326       0.020212
20010327       0.042977
20010328      -0.051156
20010329       0.006673
20010330       0.011995
20010402      -0.015804
20010403      -0.045109
20010404       0.017812
20010405       0.067500
20010406      -0.002647
20010409      -0.019908
20010410       0.031771
20010411      -0.016355
20010412      -0.012624
20010416       0.005717
20010417       0.030491
20010418       0.068205
20010419       0.074836
20010420       0.003145
20010423      -0.024645
20010424       0.005982
20010425       0.019349
20010426      -0.009665
20010427       0.021628
20010430      -0.009122
20010501       0.029269
20010502      -0.026243
20010503      -0.014731
20010504       0.018997
20010507       0.000345
20010508       0.016739
20010509      -0.006117
20010510      -0.015216
20010511      -0.029427
20010514       0.006708
20010515       0.009062
20010516       0.019546
20010517      -0.006304
20010518       0.020596
20010521       0.013624
20010522      -0.008653
20010523      -0.005169
20010524       0.018739
20010525      -0.015050
20010529      -0.021477
20010530      -0.022729
20010531      -0.007545
20010601       0.009750
20010604       0.006644
20010605       0.029303
20010606       0.004531
20010607      -0.002128
20010608      -0.009808
20010611       0.010853
20010612      -0.000937
20010613      -0.006055
20010614      -0.006779
20010615      -0.018575
20010618       0.005898
20010619       0.004988
20010620      -0.015239
20010621      -0.004333
20010622       0.002398
20010625      -0.001949
20010626       0.003462
20010627       0.004246
20010628       0.013918
20010629      -0.018245
20010702       0.011947
20010703      -0.011981
20010705      -0.007789
20010706      -0.049955
20010709      -0.016714
20010710      -0.026356
20010711       0.018537
20010712       0.032740
20010713       0.011935
20010716      -0.006542
20010717       0.006585
20010718      -0.039160
20010719      -0.002685
20010720       0.016346
20010723       0.001419
20010724      -0.012659
20010725       0.003636
20010726       0.010583
20010727      -0.012264
20010730       0.010984
20010731      -0.006046
20010801       0.017584
20010802       0.016253
20010803      -0.005699
20010806      -0.015437
20010807      -0.002441
20010808      -0.018071
20010809      -0.001056
20010810       0.008359
20010813       0.008671
20010814       0.003212
20010815      -0.011205
20010816       0.007047
20010817      -0.010969
20010820      -0.004685
20010821      -0.021230
20010822       0.020316
20010823      -0.009234
20010824       0.038738
20010827      -0.001215
20010828      -0.017874
20010829      -0.007813
20010830      -0.036205
20010831      -0.004085
20010904       0.015408
20010905      -0.011233
20010906      -0.023418
20010907      -0.014388
20010910      -0.001242
20010917      -0.032445
20010918       0.032783
20010919      -0.004149
20010920      -0.027083
20010921      -0.031049
20010924       0.047514
20010925      -0.003692
20010926      -0.033351
20010927      -0.014239
20010928       0.019111
20011001       0.010794
20011002       0.011433
20011003       0.033913
20011004       0.003713
20011005       0.007296
20011008       0.004897
20011009      -0.013807
20011010       0.001132
20011011       0.022108
20011012       0.014487
20011015       0.011503
20011016      -0.001471
20011017       0.010309
20011018      -0.015938
20011019       0.013727
20011022       0.025329
20011023       0.005321
20011024       0.026085
20011025       0.019250
20011026       0.004518
20011029      -0.022850
20011030       0.000276
20011031      -0.005338
20011101       0.016841
20011102      -0.003549
20011105       0.004292
20011106       0.038374
20011107      -0.001752
20011108      -0.000351
20011109       0.002372
20011112       0.006837
20011113       0.016019
20011114      -0.020137
20011115       0.003498
20011116      -0.002179
20011119       0.004367
20011120       0.003826
20011121      -0.009529
20011123       0.008833
20011126       0.008496
20011127      -0.018310
20011128      -0.017951
20011129       0.020330
20011130       0.010137
20011203      -0.012631
20011204       0.021992
20011205       0.040809
20011206      -0.010379
20011207       0.002164
20011210      -0.006146
20011211       0.015377
20011212       0.013992
20011213      -0.023945
20011214       0.007069
20011217       0.001982
20011218       0.007088
20011219       0.013830
20011220      -0.009605
20011221      -0.005705
20011224      -0.004508
20011226       0.007822
20011227       0.008987
20011228      -0.004858
20011231      -0.015785
20020102       0.004464
20020103       0.017778
20020104       0.015688
20020107      -0.012341
20020108       0.005240
20020109      -0.001684
20020110      -0.018877
20020111      -0.014983
20020114      -0.018785
20020115       0.006777
20020116      -0.012200
20020117       0.021295
20020118      -0.047123
20020122      -0.032823
20020123      -0.023529
20020124       0.007600
20020125       0.005151
20020128      -0.010340
20020129      -0.047619
20020130       0.024757
20020131       0.022170
20020201       0.001020
20020204      -0.011111
20020205      -0.004682
20020206       0.004421
20020207      -0.025509
20020208       0.010394
20020211       0.022764
20020212      -0.007543
20020213       0.014075
20020214      -0.001666
20020215      -0.046343
20020219      -0.032559
20020220      -0.002311
20020221      -0.029504
20020222       0.021477
20020225      -0.001524
20020226      -0.011699
20020227       0.006999
20020228       0.002964
20020301       0.049939
20020304       0.027956
20020305      -0.002172
20020306       0.005962
20020307      -0.024365
20020308       0.013306
20020311       0.001427
20020312       0.030977
20020313      -0.012166
20020314      -0.005411
20020315       0.001782
20020318      -0.004120
20020319       0.010719
20020320      -0.018513
20020321       0.012133
20020322      -0.011051
20020325      -0.019318
20020326      -0.006373
20020327       0.004762
20020328       0.005900
20020401      -0.010962
20020402      -0.018569
20020403      -0.009807
20020404       0.008803
20020405      -0.035601
20020408      -0.101182
20020409       0.003775
20020410       0.014475
20020411      -0.054151
20020412       0.016748
20020415      -0.002921
20020416       0.009959
20020417      -0.016125
20020418       0.048815
20020419       0.000562
20020422      -0.012022
20020423      -0.006824
20020424      -0.009504
20020425       0.002428
20020426      -0.023065
20020429      -0.009680
20020430      -0.001550
20020501       0.006447
20020502      -0.005219
20020503      -0.024803
20020506      -0.070677
20020507       0.006579
20020508       0.079739
20020509      -0.030564
20020510      -0.003128
20020513       0.031501
20020514       0.040029
20020515      -0.011465
20020516       0.011243
20020517       0.002809
20020520      -0.014471
20020521      -0.011841
20020522       0.006591
20020523       0.004167
20020524      -0.014819
20020528      -0.012274
20020529      -0.005848
20020530       0.007966
20020531      -0.021885
20020603      -0.029086
20020604       0.015363
20020605       0.015635
20020606      -0.011049
20020607      -0.017073
20020610      -0.019157
20020611      -0.017057
20020612      -0.011127
20020613       0.012726
20020614       0.007540
20020617       0.012735
20020618      -0.015556
20020619      -0.034106
20020620      -0.024131
20020621      -0.039536
20020624       0.013818
20020625      -0.015782
20020626       0.021137
20020627       0.026410
20020628       0.001391
20020701      -0.061111
20020702       0.014497
20020703       0.028142
20020705       0.042405
20020708      -0.029932
20020709      -0.022861
20020710      -0.013062
20020711       0.009453
20020712      -0.002881
20020715       0.025863
20020716      -0.028028
20020717       0.024344
20020718       0.019239
20020719      -0.000694
20020722      -0.048611
20020723      -0.021168
20020724       0.037136
20020725      -0.002732
20020726      -0.042538
20020729       0.071988
20020730       0.008570
20020731      -0.019362
20020801      -0.030540
20020802      -0.005421
20020805      -0.027843
20020806       0.028944
20020807       0.020913
20020808       0.035275
20020809       0.003072
20020812      -0.000835
20020813       0.001811
20020814       0.042003
20020815       0.021089
20020816       0.037255
20020819       0.039572
20020820      -0.014790
20020821      -0.003322
20020822       0.012222
20020823      -0.019393
20020826      -0.012189
20020827      -0.018383
20020828      -0.024371
20020829       0.007363
20020830      -0.016184
20020903      -0.040196
20020904       0.019074
20020905      -0.021023
20020906       0.014131
20020909       0.017760
20020910       0.014765
20020911      -0.018519
20020912      -0.031402
20020913       0.008766
20020916      -0.002483
20020917      -0.007882
20020918      -0.030662
20020919      -0.068296
20020920      -0.013580
20020923      -0.008604
20020924      -0.057125
20020925       0.054561
20020926      -0.015712
20020927      -0.026766
20020930      -0.033963
20021001       0.049048
20021002      -0.025176
20021003       0.006205
20021004      -0.056667
20021007       0.004594
20021008       0.003342
20021009      -0.034706
20021010       0.045578
20021011       0.110108
20021014      -0.007822
20021015       0.079786
20021016      -0.052278
20021017       0.112481
20021018       0.028393
20021021       0.017508
20021022      -0.014031
20021023       0.001477
20021024      -0.033512
20021025       0.034119
20021028       0.026824
20021029       0.002351
20021030       0.025150
20021031       0.003432
20021101       0.018495
20021104       0.026119
20021105      -0.009939
20021106       0.000122
20021107      -0.031764
20021108      -0.017226
20021111      -0.003866
20021112       0.024065
20021113       0.002527
20021114       0.017265
20021115      -0.008796
20021118      -0.010374
20021119      -0.010230
20021120       0.041342
20021121       0.040314
20021122      -0.005536
20021125       0.020964
20021126      -0.013225
20021127       0.031037
20021129      -0.008894
20021202       0.004372
20021203      -0.023940
20021204      -0.017838
20021205      -0.007528
20021206      -0.008909
20021209      -0.033163
20021210       0.015203
20021211       0.007921
20021212      -0.015594
20021213      -0.002120
20021216       0.020250
20021217      -0.016050
20021218      -0.014693
20021219      -0.005940
20021220       0.014366
20021223       0.005890
20021224      -0.006230
20021226      -0.015797
20021227      -0.014522
20021230      -0.014349
20021231       0.016393
20030102       0.039613
20030103       0.013405
20030106       0.023760
20030107       0.028831
20030108      -0.021046
20030109       0.033377
20030110       0.007816
20030113      -0.001939
20030114       0.012227
20030115      -0.011176
20030116      -0.017582
20030117      -0.055200
20030121      -0.009348
20030122      -0.010430
20030123       0.016939
20030124      -0.025416
20030127      -0.007216
20030128       0.021551
20030129       0.002621
20030130      -0.025149
20030131      -0.001277
20030203      -0.000256
20030204      -0.013942
20030205       0.002205
20030206       0.005177
20030207      -0.005290
20030210       0.010506
20030211      -0.006674
20030212      -0.011500
20030213      -0.008366
20030214       0.020960
20030218       0.024274
20030219       0.002269
20030220      -0.005911
20030221       0.011513
20030224      -0.017386
20030225       0.006492
20030226      -0.021121
20030227      -0.001550
20030228       0.008670
20030303      -0.007954
20030304      -0.008147
20030305       0.013429
20030306      -0.008491
20030307       0.010769
20030310      -0.028241
20030311      -0.004623
20030312      -0.002256
20030313       0.043496
20030314       0.007011
20030317       0.043797
20030318       0.000121
20030319      -0.005699
20030320       0.002439
20030321       0.032847
20030324      -0.031213
20030325       0.014590
20030326      -0.022768
20030327      -0.001226
20030328      -0.007366
20030331      -0.029932
20030401       0.003825
20030402       0.034675
20030403       0.005524
20030404      -0.013674
20030407      -0.003961
20030408      -0.004971
20030409      -0.016985
20030410       0.003811
20030411      -0.003291
20030414       0.016762
20030415       0.033970
20030416       0.001087
20030417       0.016651
20030421      -0.010681
20030422       0.027231
20030423       0.001401
20030424      -0.006414
20030425      -0.015493
20030428       0.014783
20030429       0.006344
20030430      -0.008872
20030501       0.011661
20030502       0.019560
20030505      -0.011990
20030506       0.011443
20030507      -0.007656
20030508      -0.007268
20030509       0.017432
20030512       0.016562
20030513       0.011011
20030514      -0.014225
20030515       0.013529
20030516      -0.010122
20030519      -0.028543
20030520      -0.007866
20030521       0.004780
20030522      -0.001160
20030523      -0.009526
20030527       0.028501
20030528      -0.001368
20030529      -0.002398
20030530       0.007784
20030602      -0.008065
20030603      -0.040192
20030604       0.005130
20030605      -0.027893
20030606      -0.022589
20030609       0.024360
20030610      -0.003537
20030611       0.027659
20030612      -0.000238
20030613      -0.014294
20030616       0.021148
20030617      -0.002367
20030618       0.004745
20030619      -0.001771
20030620       0.004376
20030623      -0.020490
20030624       0.005410
20030625      -0.013631
20030626       0.022548
20030627      -0.011025
20030630      -0.011029
20030701       0.013212
20030702       0.013758
20030703      -0.009323
20030707       0.025491
20030708       0.001859
20030709      -0.009043
20030710      -0.016848
20030711       0.010234
20030714       0.006243
20030715       0.011941
20030716       0.003471
20030717      -0.039313
20030718       0.004680
20030721      -0.014572
20030722      -0.007879
20030723       0.005498
20030724      -0.009599
20030725       0.025028
20030728      -0.012089
20030729      -0.008965
20030730      -0.010269
20030731       0.003582
20030801       0.000246
20030804      -0.001723
20030805      -0.015777
20030806       0.000751
20030807       0.011787
20030808       0.002355
20030811       0.001731
20030812       0.006048
20030813      -0.003803
20030814       0.004434
20030815       0.002820
20030818       0.021152
20030819      -0.003951
20030820      -0.001683
20030821      -0.002408
20030822       0.001448
20030825      -0.012173
20030826       0.006589
20030827      -0.006061
20030828      -0.001219
20030829       0.001343
20030902       0.045726
20030903       0.006646
20030904       0.018302
20030905      -0.010920
20030908       0.024727
20030909       0.003591
20030910      -0.017669
20030911       0.000911
20030912       0.008872
20030915      -0.002368
20030916       0.020341
20030917       0.003766
20030918       0.015116
20030919       0.013913
20030922      -0.020262
20030923      -0.000547
20030924      -0.021239
20030925       0.000112
20030926      -0.004026
20030929       0.004492
20030930      -0.012521
20031001       0.022869
20031002      -0.002988
20031003       0.006217
20031006       0.005958
20031007       0.005703
20031008       0.010469
20031009      -0.002266
20031010       0.002380
20031013       0.005719
20031014      -0.005150
20031015       0.000216
20031016      -0.037309
20031017      -0.000560
20031020      -0.002578
20031021      -0.000787
20031022      -0.005285
20031023      -0.003504
20031024       0.003063
20031027       0.001131
20031028       0.015590
20031029      -0.006229
20031030      -0.002462
20031031       0.004040
20031103       0.002235
20031104      -0.006021
20031105      -0.007292
20031106       0.011414
20031107      -0.012089
20031110       0.019148
20031111      -0.006559
20031112       0.014884
20031113       0.004411
20031114      -0.009222
20031117      -0.004986
20031118      -0.009466
20031119       0.005059
20031120      -0.011298
20031121       0.002715
20031124       0.011621
20031125      -0.002565
20031126       0.005367
20031128       0.007007
20031201       0.005191
20031202      -0.002857
20031203      -0.004959
20031204       0.012403
20031205      -0.008532
20031208       0.006178
20031209      -0.006250
20031210       0.012137
20031211       0.007304
20031212       0.003355
20031215      -0.006472
20031216       0.020302
20031217      -0.006172
20031218      -0.007173
20031219       0.004421
20031222       0.002684
20031223      -0.006425
20031224      -0.005604
20031226       0.006828
20031229       0.006674
20031230      -0.009517
20031231       0.000540
20040102      -0.012192
20040105       0.016384
20040106       0.000107
20040107      -0.003009
20040108       0.002802
20040109      -0.019669
20040112       0.003728
20040113      -0.020208
20040114       0.006800
20040115       0.041081
20040116       0.013827
20040120       0.018674
20040121       0.006179
20040122      -0.001945
20040123       0.004000
20040126       0.019918
20040127      -0.010516
20040128      -0.014373
20040129       0.006470
20040130       0.012448
20040202       0.001612
20040203       0.006137
20040204       0.001900
20040205      -0.013275
20040206       0.002428
20040209       0.000101
20040210       0.006670
20040211       0.003514
20040212      -0.006603
20040213       0.004129
20040217      -0.003410
20040218      -0.009560
20040219      -0.006299
20040220      -0.005010
20040223      -0.013873
20040224       0.008649
20040225      -0.002583
20040226       0.002590
20040227      -0.002996
20040301       0.005596
20040302      -0.002267
20040303       0.000207
20040304      -0.004647
20040305       0.000622
20040308      -0.019285
20040309      -0.000634
20040310      -0.015551
20040311      -0.019880
20040312       0.022914
20040315      -0.015863
20040316       0.006861
20040317       0.010168
20040318      -0.005782
20040319      -0.013247
20040322      -0.006549
20040323       0.003296
20040324       0.004928
20040325       0.006756
20040326       0.004113
20040329      -0.000970
20040330      -0.003884
20040331      -0.005199
20040401       0.005771
20040402       0.019812
20040405      -0.000212
20040406      -0.005097
20040407      -0.006617
20040408       0.000430
20040412       0.006658
20040413      -0.007467
20040414       0.007094
20040415       0.002882
20040416      -0.017984
20040419      -0.003684
20040420      -0.014031
20040421       0.006729
20040422      -0.005698
20040423       0.005951
20040426      -0.009312
20040427       0.007520
20040428      -0.007683
20040429      -0.014711
20040430      -0.010216
20040503      -0.001701
20040504       0.011134
20040505      -0.000449
20040506      -0.004721
20040507      -0.001924
20040510      -0.014854
20040511       0.002878
20040512      -0.003673
20040513       0.004377
20040514      -0.008946
20040517      -0.010184
20040518       0.006197
20040519       0.011504
20040520       0.004250
20040521      -0.003317
20040524      -0.000344
20040525       0.018370
20040526      -0.003946
20040527       0.002716
20040528       0.000000
20040601      -0.005305
20040602      -0.001589
20040603      -0.007161
20040604       0.002404
20040607       0.012334
20040608       0.015794
20040609       0.000555
20040610       0.004107
20040614      -0.004311
20040615       0.005218
20040616      -0.001767
20040617       0.000664
20040618      -0.004202
20040621      -0.006329
20040622       0.005922
20040623       0.008554
20040624      -0.008812
20040625      -0.004889
20040628      -0.009380
20040629      -0.004735
20040630      -0.001586
20040701      -0.007374
20040702      -0.005257
20040706      -0.015395
20040707      -0.004084
20040708      -0.019918
20040709       0.002869
20040712       0.012636
20040713       0.003532
20040714      -0.013138
20040715      -0.001308
20040716       0.003095
20040719       0.012103
20040720       0.012427
20040721      -0.012274
20040722       0.008910
20040723      -0.014060
20040726       0.002828
20040727       0.009284
20040728      -0.000349
20040729       0.010716
20040730       0.003457
20040802      -0.004364
20040803      -0.011305
20040804       0.003034
20040805      -0.009073
20040806      -0.017960
20040809       0.000839
20040810       0.017235
20040811      -0.015296
20040812      -0.017684
20040813       0.020679
20040816       0.001311
20040817       0.000238
20040818       0.012970
20040819      -0.002819
20040820       0.004241
20040823      -0.007038
20040824       0.000709
20040825       0.004250
20040826      -0.004467
20040827       0.002952
20040830      -0.006357
20040831       0.003436
20040901      -0.005550
20040902       0.004156
20040903      -0.002128
20040907       0.006873
20040908       0.010474
20040909       0.006755
20040910       0.003702
20040913      -0.003112
20040914       0.002659
20040915      -0.004036
20040916      -0.002895
20040917      -0.004413
20040920      -0.000467
20040921       0.000233
20040922      -0.016449
20040923      -0.005100
20040924       0.006557
20040927      -0.003198
20040928       0.003802
20040929       0.005919
20040930       0.008943
20041001       0.011430
20041004       0.005074
20041005       0.001836
20041006       0.008246
20041007      -0.007042
20041008      -0.008122
20041011      -0.000923
20041012      -0.007272
20041013      -0.011860
20041014      -0.002354
20041015       0.000826
20041018       0.012610
20041019       0.040154
20041020      -0.006154
20041021      -0.008106
20041022      -0.008059
20041025       0.011901
20041026       0.006446
20041027       0.011236
20041028      -0.005556
20041029       0.002793
20041101       0.004011
20041102       0.003995
20041103       0.008069
20041104       0.012939
20041105       0.009742
20041108       0.002895
20041109       0.000000
20041110       0.002570
20041111       0.012605
20041112       0.005591
20041115       0.006295
20041116      -0.010738
20041117       0.006007
20041118      -0.003771
20041119      -0.006835
20041122       0.006988
20041123       0.001787
20041124       0.001889
20041126      -0.007752
20041129       0.008235
20041130      -0.013194
20041201       0.017402
20041202      -0.001252
20041203       0.013784
20041206       0.006077
20041207      -0.016075
20041208       0.005723
20041209       0.008898
20041210      -0.008615
20041213      -0.002276
20041214       0.008917
20041215       0.000206
20041216       0.001233
20041217      -0.012827
20041220       0.003638
20041221       0.004868
20041222       0.006081
20041223       0.001127
20041227      -0.002251
20041228       0.008205
20041229      -0.001221
20041230       0.001222
20041231       0.002848
20050103      -0.008420
20050104      -0.010742
20050105      -0.002068
20050106      -0.003109
20050107      -0.004366
20050110      -0.001044
20050111      -0.007107
20050112       0.002211
20050113      -0.007982
20050114      -0.003706
20050118       0.008502
20050119      -0.018967
20050120      -0.001074
20050121      -0.006667
20050124      -0.006387
20050125       0.004358
20050126      -0.002603
20050127       0.000326
20050128       0.009893
20050131       0.005706
20050201       0.004710
20050202       0.004688
20050203      -0.008059
20050204       0.010370
20050207       0.000212
20050208      -0.002327
20050209      -0.015192
20050210       0.000647
20050211       0.005821
20050214       0.002894
20050215       0.008122
20050216       0.003074
20050217      -0.009195
20050218      -0.005120
20050222      -0.010185
20050223      -0.002383
20050224       0.005863
20050225       0.001727
20050228      -0.002371
20050301       0.007777
20050302      -0.004073
20050303      -0.005489
20050304      -0.000433
20050307      -0.008336
20050308       0.005786
20050309       0.002388
20050310       0.000650
20050311      -0.009739
20050314       0.004262
20050315      -0.005658
20050316      -0.007989
20050317      -0.008715
20050318      -0.006455
20050321       0.002576
20050322      -0.000112
20050323       0.011397
20050324       0.001989
20050328       0.003749
20050329      -0.004833
20050330       0.000883
20050331       0.007719
20050401      -0.010287
20050404      -0.001327
20050405      -0.008304
20050406      -0.006364
20050407      -0.006292
20050408      -0.009498
20050411      -0.015982
20050412      -0.005220
20050413      -0.013761
20050414      -0.010997
20050415      -0.082975
20050418      -0.000652
20050419      -0.015264
20050420      -0.045972
20050421       0.028052
20050422       0.002431
20050425       0.005390
20050426       0.010990
20050427       0.021477
20050428      -0.014796
20050429       0.006191
20050502       0.001702
20050503      -0.000523
20050504       0.007977
20050505      -0.020498
20050506      -0.000530
20050509      -0.003720
20050510      -0.022406
20050511      -0.000273
20050512      -0.009006
20050513       0.007436
20050516       0.016129
20050517      -0.000673
20050518       0.027864
20050519       0.010477
20050520      -0.009720
20050523       0.001309
20050524      -0.009149
20050525       0.002506
20050526       0.015000
20050527      -0.000519
20050531      -0.020104
20050601       0.017075
20050602       0.006637
20050603      -0.020168
20050606      -0.010424
20050607       0.000533
20050608      -0.003198
20050609       0.001738
20050610      -0.002135
20050613       0.003745
20050614      -0.002132
20050615       0.018828
20050616       0.009830
20050617      -0.008566
20050620       0.002095
20050621      -0.001829
20050622       0.010732
20050623      -0.023566
20050624      -0.018565
20050627      -0.001757
20050628       0.019220
20050629      -0.007570
20050630      -0.007092
20050701       0.006334
20050705       0.001607
20050706       0.013638
20050707       0.020710
20050708       0.024813
20050711      -0.004288
20050712       0.013678
20050713       0.017616
20050714       0.011909
20050715      -0.000485
20050718      -0.006919
20050719       0.023102
20050720       0.010753
20050721      -0.002364
20050722       0.000474
20050725      -0.002842
20050726      -0.000950
20050727      -0.002972
20050728      -0.000835
20050729      -0.004057
20050801      -0.000359
20050802      -0.001438
20050803       0.009003
20050804      -0.011182
20050805       0.002887
20050808       0.002399
20050809       0.001679
20050810      -0.017725
20050811       0.007803
20050812      -0.005686
20050815       0.003772
20050816      -0.014545
20050817       0.000000
20050818      -0.001845
20050819       0.019840
20050822      -0.001933
20050823      -0.006901
20050824      -0.008655
20050825      -0.002705
20050826      -0.008878
20050829       0.011943
20050830      -0.009835
20050831       0.000993
20050901      -0.013396
20050902      -0.001006
20050906       0.019632
20050907      -0.000494
20050908      -0.002223
20050909       0.007921
20050912       0.000491
20050913      -0.008959
20050914      -0.003344
20050915      -0.005840
20050916       0.003999
20050919      -0.011204
20050920      -0.009191
20050921      -0.014485
20050922       0.008381
20050923      -0.002685
20050926      -0.007564
20050927       0.007492
20050928       0.019361
20050929       0.010818
20050930      -0.001742
20051003       0.002867
20051004      -0.004226
20051005      -0.003620
20051006      -0.001503
20051007       0.010038
20051010       0.009317
20051011       0.023877
20051012      -0.012021
20051013       0.000122
20051014       0.001825
20051017       0.002914
20051018       0.010776
20051019       0.008265
20051020      -0.011881
20051021       0.001924
20051024       0.001680
20051025      -0.001318
20051026      -0.005638
20051027      -0.006997
20051028      -0.010813
20051031       0.005650
20051101      -0.003542
20051102      -0.006496
20051103       0.022329
20051104       0.001569
20051107       0.007349
20051108      -0.003110
20051109      -0.003728
20051110       0.013882
20051111       0.006668
20051114      -0.002247
20051115       0.013869
20051116       0.011809
20051117       0.004044
20051118       0.010128
20051121      -0.005469
20051122       0.008019
20051123       0.009206
20051125       0.000000
20051128       0.003491
20051129      -0.000112
20051130      -0.002245
20051201       0.003487
20051202      -0.006277
20051205      -0.002482
20051206       0.008029
20051207      -0.004712
20051208      -0.013751
20051209      -0.006057
20051212      -0.011613
20051213      -0.026175
20051214      -0.006929
20051215       0.004812
20051216      -0.001915
20051219      -0.007317
20051220      -0.003383
20051221       0.007759
20051222       0.001203
20051223       0.003124
20051227      -0.005870
20051228       0.000603
20051229      -0.007707
20051230      -0.002427
20060103      -0.001703
20060104      -0.001340
20060105       0.006711
20060106       0.029697
20060109      -0.014361
20060110       0.004061
20060111       0.001189
20060112      -0.007128
20060113      -0.004786
20060117      -0.002044
20060118       0.009639
20060119      -0.008473
20060120      -0.020821
20060123       0.000615
20060124      -0.006879
20060125       0.000742
20060126      -0.002348
20060127       0.003716
20060130       0.007529
20060131      -0.004043
20060201       0.007872
20060202      -0.008665
20060203      -0.015512
20060206      -0.005752
20060207       0.004276
20060208       0.014402
20060209      -0.004951
20060210       0.011567
20060213      -0.010943
20060214       0.008080
20060215      -0.002960
20060216       0.000742
20060217      -0.002472
20060221      -0.002602
20060222       0.010559
20060223      -0.014136
20060224      -0.001247
20060227       0.006617
20060228      -0.004837
20060301      -0.004237
20060302       0.000501
20060303       0.000250
20060306       0.000500
20060307       0.003625
20060308       0.010587
20060309      -0.001479
20060310       0.006788
20060313       0.004413
20060314       0.011595
20060315       0.006033
20060316      -0.006117
20060317       0.005189
20060320       0.003361
20060321       0.002752
20060322       0.007636
20060323      -0.014802
20060324       0.001923
20060327      -0.003359
20060328      -0.007824
20060329       0.008492
20060330       0.000842
20060331      -0.008774
20060403       0.007154
20060404       0.004695
20060405       0.008628
20060406      -0.004277
20060407      -0.015869
20060410      -0.004607
20060411      -0.011449
20060412      -0.005052
20060413       0.015232
20060417      -0.004147
20060418       0.020456
20060419      -0.017405
20060420       0.001955
20060421      -0.004389
20060424       0.005511
20060425       0.006820
20060426       0.008225
20060427       0.006359
20060428      -0.018360
20060501      -0.001336
20060502       0.002311
20060503       0.003397
20060504      -0.003265
20060505       0.010312
20060508      -0.001081
20060509       0.004102
20060510      -0.003965
20060511      -0.005308
20060512      -0.000849
20060515       0.006069
20060516      -0.008807
20060517      -0.010833
20060518      -0.007506
20060519      -0.004711
20060522      -0.003239
20060523      -0.002374
20060524      -0.000626
20060525       0.004512
20060526       0.007612
20060530      -0.007306
20060531      -0.003244
20060601       0.009887
20060602      -0.014500
20060605      -0.005785
20060606       0.008854
20060607      -0.007648
20060608      -0.026785
20060609       0.007789
20060612      -0.007858
20060613      -0.001168
20060614       0.010139
20060615       0.010938
20060616      -0.007765
20060619      -0.003592
20060620       0.004120
20060621       0.003975
20060622      -0.014176
20060623      -0.001166
20060626       0.000649
20060627      -0.006740
20060628      -0.000913
20060629       0.013453
20060630      -0.009924
20060703       0.015621
20060705      -0.003204
20060706       0.004115
20060707      -0.021386
20060710       0.003271
20060711      -0.002609
20060712      -0.012946
20060713      -0.016428
20060714      -0.009025
20060717       0.001767
20060718       0.007598
20060719       0.024374
20060720      -0.007756
20060721      -0.008214
20060724       0.015095
20060725      -0.001316
20060726      -0.000791
20060727       0.004220
20060728       0.010637
20060731       0.005847
20060801      -0.016406
20060802       0.002364
20060803       0.000131
20060804      -0.005502
20060807      -0.005138
20060808       0.001457
20060809       0.000796
20060810       0.004643
20060811      -0.003433
20060814       0.015898
20060815       0.005217
20060816       0.026077
20060817       0.003540
20060818       0.006678
20060821      -0.007760
20060822      -0.004162
20060823      -0.003547
20060824       0.009025
20060825       0.006299
20060828       0.005508
20060829       0.013446
20060830      -0.002211
20060831      -0.003078
20060901       0.005434
20060905      -0.006879
20060906      -0.007050
20060907      -0.010962
20060908       0.015869
20060911       0.003347
20060912       0.016681
20060913      -0.000851
20060914       0.003163
20060915       0.005699
20060918      -0.008440
20060919      -0.004499
20060920       0.018932
20060921      -0.021697
20060922      -0.004901
20060925       0.009728
20060926       0.006098
20060927      -0.004970
20060928      -0.001218
20060929      -0.000610
20061002      -0.000854
20061003      -0.002687
20061004       0.017759
20061005      -0.002166
20061006       0.002653
20061009       0.010344
20061010       0.002262
20061011       0.000000
20061012       0.006058
20061013       0.016293
20061016       0.007319
20061017       0.002768
20061018       0.033008
20061019       0.000445
20061020       0.006900
20061023       0.011936
20061024      -0.000765
20061025       0.003716
20061026      -0.003158
20061027      -0.008521
20061030       0.008153
20061031       0.009071
20061101      -0.005740
20061102      -0.001307
20061103      -0.002945
20061106       0.013018
20061107       0.001620
20061108       0.001509
20061109      -0.001836
20061110      -0.007141
20061113       0.003378
20061114       0.013251
20061115      -0.001929
20061116       0.003866
20061117       0.003637
20061120      -0.005969
20061121      -0.001823
20061122       0.004727
20061124      -0.001818
20061127      -0.020354
20061128      -0.001093
20061129       0.001861
20061130       0.004371
20061201      -0.007289
20061204       0.024767
20061205       0.010373
20061206      -0.003810
20061207       0.001169
20061208      -0.003927
20061211      -0.002344
20061212       0.005126
20061213       0.006906
20061214       0.006226
20061215      -0.000629
20061218       0.001469
20061219       0.005868
20061220       0.000000
20061221      -0.000937
20061222      -0.006881
20061226       0.004305
20061227       0.016099
20061228      -0.002366
20061229       0.001856
20070103       0.001235
20070104       0.010692
20070105      -0.009053
20070108       0.015192
20070109       0.011830
20070110      -0.011792
20070111      -0.002427
20070112       0.006994
20070116       0.014898
20070117      -0.007935
20070118      -0.005699
20070119      -0.032981
20070122       0.009774
20070123      -0.000309
20070124       0.003296
20070125       0.001129
20070126      -0.000615
20070129       0.011185
20070130       0.008423
20070131      -0.002214
20070201      -0.001513
20070202       0.001717
20070205       0.012201
20070206      -0.005280
20070207      -0.000100
20070208       0.000804
20070209      -0.010741
20070212       0.000304
20070213      -0.002942
20070214       0.009258
20070215      -0.002823
20070216       0.000708
20070220       0.003637
20070221      -0.002617
20070222      -0.005954
20070223      -0.007817
20070226      -0.008390
20070227      -0.030441
20070228      -0.010856
20070301      -0.007209
20070302      -0.014848
20070305       0.010011
20070306       0.021675
20070307       0.001493
20070308      -0.010006
20070309       0.003011
20070312       0.008898
20070313      -0.014876
20070314       0.011326
20070315      -0.003306
20070316      -0.002140
20070319       0.007936
20070320       0.005426
20070321       0.009101
20070322      -0.001783
20070323      -0.001681
20070326      -0.000316
20070327      -0.002842
20070328      -0.004961
20070329       0.003289
20070330      -0.003278
20070402       0.010078
20070403       0.009348
20070404       0.001145
20070405       0.003222
20070409       0.001036
20070410      -0.001656
20070411      -0.013477
20070412       0.005359
20070413      -0.007735
20070416       0.013168
20070417       0.009773
20070418      -0.023888
20070419      -0.005380
20070420       0.003076
20070423       0.006661
20070424       0.034450
20070425       0.030155
20070426      -0.005519
20070427       0.002676
20070430       0.010280
20070501       0.009392
20070502      -0.009208
20070503       0.005674
20070504       0.001556
20070507       0.001943
20070508       0.005138
20070509       0.010553
20070510       0.002874
20070511       0.012419
20070514      -0.003869
20070515      -0.007010
20070516       0.009921
20070517      -0.005290
20070518       0.025449
20070521      -0.008797
20070522      -0.003176
20070523      -0.010497
20070524      -0.015439
20070525       0.011833
20070529       0.006941
20070530       0.009631
20070531      -0.003086
20070601      -0.000563
20070604      -0.002910
20070605      -0.003671
20070606      -0.032407
20070607      -0.005956
20070608       0.012475
20070611       0.001455
20070612      -0.008526
20070613       0.007622
20070614       0.007079
20070615       0.011940
20070618       0.002284
20070619       0.011108
20070620      -0.004695
20070621       0.005660
20070622      -0.020263
20070625       0.006319
20070626       0.002188
20070627       0.000949
20070628       0.004932
20070629      -0.006607
20070702      -0.002280
20070703       0.014951
20070705       0.013792
20070706       0.009070
20070709      -0.000550
20070710      -0.003120
20070711       0.004327
20070712       0.001650
20070713      -0.006223
20070716       0.009761
20070717       0.010122
20070718       0.002799
20070719       0.043032
20070720      -0.009063
20070723       0.013675
20070724      -0.001804
20070725       0.016614
20070726      -0.013294
20070727      -0.007809
20070730      -0.009514
20070731      -0.033793
20070801       0.012562
20070802       0.010621
20070803      -0.011834
20070806       0.017875
20070807      -0.003161
20070808      -0.001321
20070809      -0.019915
20070810       0.017249
20070813       0.000621
20070814      -0.005856
20070815      -0.007318
20070816      -0.013845
20070817       0.011031
20070820      -0.015149
20070821      -0.001648
20070822       0.008804
20070823       0.013182
20070824       0.016061
20070827       0.001766
20070828      -0.012694
20070829       0.022946
20070830       0.006983
20070831       0.011441
20070904       0.012855
20070905      -0.002623
20070906      -0.002206
20070907      -0.017599
20070910       0.002164
20070911       0.013385
20070912      -0.011504
20070913      -0.000431
20070914      -0.007072
20070917      -0.005298
20070918       0.018425
20070919       0.000343
20070920       0.001629
20070921      -0.000685
20070924      -0.004538
20070925       0.002237
20070926       0.006781
20070927       0.003495
20070928       0.000765
20071001       0.010441
20071002      -0.005629
20071003      -0.016560
20071004      -0.006100
20071005       0.005273
20071008       0.012640
20071009       0.004500
20071010       0.002705
20071011      -0.004805
20071012      -0.002033
20071015       0.001867
20071016       0.013302
20071017      -0.031940
20071018      -0.008464
20071019      -0.021951
20071022       0.009708
20071023       0.011555
20071024      -0.015085
20071025      -0.001239
20071026       0.008155
20071029       0.009408
20071030      -0.005923
20071031       0.017525
20071101      -0.021271
20071102       0.008271
20071105      -0.010385
20071106      -0.002028
20071107      -0.014933
20071108      -0.044743
20071109      -0.055186
20071112       0.011928
20071113       0.037654
20071114      -0.017384
20071115       0.001547
20071116       0.011487
20071119      -0.024525
20071120       0.011739
20071121      -0.011603
20071123       0.017903
20071126      -0.019990
20071127       0.018241
20071128       0.034094
20071129       0.001211
20071130      -0.021581
20071203       0.006180
20071204       0.007559
20071205       0.014349
20071206       0.014238
20071207      -0.007657
20071210       0.004869
20071211      -0.021940
20071212       0.013833
20071213      -0.002674
20071214      -0.022278
20071217      -0.011724
20071218       0.017029
20071219       0.007807
20071220       0.015867
20071221       0.020305
20071224       0.005403
20071226      -0.000806
20071227      -0.017569
20071228       0.004471
20071231      -0.018076
20080102      -0.031545
20080103       0.002006
20080104      -0.035939
20080107      -0.010679
20080108      -0.024588
20080109       0.007378
20080110       0.016377
20080111      -0.022518
20080114       0.053855
20080115      -0.010687
20080116      -0.001964
20080117      -0.005215
20080118       0.022750
20080122      -0.021083
20080123       0.048212
20080124       0.007634
20080125      -0.022355
20080128       0.004401
20080129       0.010669
20080130      -0.004241
20080131       0.013819
20080201       0.018392
20080204      -0.010543
20080205      -0.026962
20080206      -0.009808
20080207      -0.012067
20080208       0.009087
20080211       0.018108
20080212       0.013220
20080213       0.017741
20080214      -0.021122
20080215       0.000283
20080219      -0.010927
20080220       0.027143
20080221      -0.008530
20080222       0.010661
20080225       0.018599
20080226       0.039062
20080227       0.018185
20080228      -0.010476
20080229      -0.011975
20080303       0.003250
20080304       0.012956
20080305      -0.002766
20080306      -0.024872
20080307       0.012620
20080310       0.000614
20080311       0.021752
20080312       0.004979
20080313      -0.009909
20080314      -0.005866
20080317       0.002776
20080318       0.024751
20080319      -0.012415
20080320       0.011886
20080324       0.006169
20080325      -0.009155
20080326      -0.008985
20080327      -0.011890
20080328      -0.008224
20080331       0.004975
20080401       0.011725
20080402      -0.014422
20080403       0.010539
20080404      -0.002241
20080407       0.004751
20080408      -0.000344
20080409       0.004300
20080410       0.017213
20080411      -0.023405
20080414       0.011034
20080415      -0.000938
20080416       0.028164
20080417       0.021665
20080418       0.010725
20080421      -0.000402
20080422      -0.005468
20080423      -0.000566
20080424       0.004773
20080425      -0.008938
20080428      -0.011293
20080429       0.009532
20080430      -0.017501
20080501       0.024109
20080502      -0.003479
20080505      -0.009336
20080506       0.006474
20080507       0.014818
20080508       0.006283
20080509      -0.006884
20080512       0.009512
20080513       0.010699
20080514       0.007426
20080515       0.007371
20080516      -0.004982
20080519      -0.010405
20080520      -0.010357
20080521      -0.012462
20080522       0.008736
20080523      -0.004010
20080527       0.025121
20080528       0.017436
20080529       0.001312
20080530      -0.002159
20080602      -0.015993
20080603       0.003769
20080604      -0.002268
20080605       0.007213
20080606      -0.027477
20080609       0.007364
20080610       0.000636
20080611      -0.021359
20080612       0.004868
20080613       0.018571
20080616       0.004439
20080617      -0.012706
20080618      -0.007514
20080619       0.006926
20080620      -0.018237
20080623       0.005866
20080624       0.000000
20080625       0.009072
20080626      -0.027693
20080627      -0.008916
20080630      -0.012661
20080701       0.006243
20080702      -0.001425
20080703       0.003694
20080707       0.016396
20080708       0.019588
20080709      -0.028092
20080710       0.023090
20080711      -0.008605
20080714      -0.004749
20080715       0.013658
20080716       0.022240
20080717       0.004605
20080718       0.026636
20080721      -0.009470
20080722       0.010415
20080723      -0.003692
20080724       0.003706
20080725      -0.011308
20080728      -0.017739
20080729       0.011168
20080730       0.009400
20080731      -0.006829
20080801      -0.010470
20080804       0.007265
20080805       0.010270
20080806       0.006130
20080807      -0.000852
20080808      -0.001860
20080811      -0.017157
20080812      -0.010900
20080813       0.004632
20080814       0.009062
20080815      -0.004569
20080818      -0.014008
20080819      -0.016293
20080820      -0.000408
20080821       0.003918
20080822       0.015774
20080825      -0.016569
20080826      -0.002930
20080827       0.007184
20080828       0.009726
20080829      -0.022877
20080902      -0.027273
20080903      -0.000591
20080904      -0.028224
20080905      -0.005826
20080908       0.025890
20080909      -0.019183
20080910       0.026078
20080911       0.009827
20080912      -0.001929
20080915      -0.031773
20080916       0.007466
20080917      -0.039466
20080918       0.032744
20080919       0.032401
20080922      -0.022213
20080923      -0.007314
20080924       0.009535
20080925       0.031341
20080926      -0.005745
20080929      -0.041534
20080930       0.021842
20081001      -0.058396
20081002      -0.048942
20081003      -0.012412
20081006      -0.027262
20081007      -0.049394
20081008      -0.053319
20081009      -0.017118
20081010      -0.014045
20081013       0.050826
20081014       0.015074
20081015      -0.056731
20081016       0.036584
20081017      -0.008086
20081020       0.019057
20081021      -0.039455
20081022      -0.059194
20081023       0.008971
20081024      -0.027030
20081027      -0.029365
20081028       0.095656
20081029       0.010541
20081030       0.028231
20081031       0.025141
20081103      -0.003119
20081104       0.007769
20081105      -0.037045
20081106      -0.047698
20081107       0.013153
20081110      -0.027820
20081111      -0.013473
20081112      -0.036258
20081113       0.056057
20081114      -0.046075
20081117      -0.035479
20081118       0.033557
20081119      -0.051324
20081120      -0.055680
20081121       0.043769
20081124       0.066907
20081125       0.009513
20081126       0.012647
20081128      -0.000857
20081201      -0.057598
20081202       0.038231
20081203       0.010396
20081204      -0.040040
20081205       0.040677
20081208       0.052984
20081209      -0.025572
20081210       0.002056
20081211      -0.027516
20081212       0.020104
20081215       0.006934
20081216       0.043857
20081217      -0.006482
20081218      -0.021435
20081219      -0.005714
20081222      -0.018319
20081223      -0.016953
20081224      -0.000993
20081226       0.010060
20081229      -0.000984
20081230       0.028308
20081231       0.007301
20090102       0.038142
20090105      -0.006295
20090106       0.027759
20090107      -0.016138
20090108      -0.006948
20090109      -0.028447
20090112       0.011924
20090113      -0.004317
20090114      -0.025193
20090115       0.011179
20090116       0.009510
20090120      -0.034621
20090121       0.115150
20090122      -0.014767
20090123      -0.006439
20090126       0.023578
20090127       0.000655
20090128       0.034475
20090129      -0.024362
20090130      -0.009296
20090202      -0.007856
20090203       0.028044
20090204      -0.006953
20090205      -0.004524
20090206       0.045774
20090209       0.007073
20090210      -0.036666
20090211       0.020264
20090212      -0.000946
20090213      -0.012938
20090217      -0.033781
20090218       0.009264
20090219      -0.028194
20090220      -0.001574
20090223      -0.049780
20090224       0.024061
20090225      -0.005787
20090226       0.035739
20090227       0.034394
20090302      -0.032381
20090303      -0.014374
20090304       0.019597
20090305      -0.022461
20090306      -0.019090
20090309      -0.027153
20090310       0.045160
20090311       0.015702
20090312       0.020086
20090313      -0.000442
20090316       0.009517
20090317       0.018527
20090318      -0.010333
20090319       0.007722
20090320      -0.001619
20090323       0.067020
20090324      -0.004154
20090325      -0.003561
20090326       0.008474
20090327      -0.046872
20090330       0.003930
20090331       0.025074
20090401       0.007431
20090402       0.032886
20090403       0.013886
20090406      -0.006457
20090407      -0.027668
20090408       0.024709
20090409       0.005040
20090413      -0.017207
20090414      -0.006803
20090415      -0.004231
20090416       0.026100
20090417      -0.001577
20090420      -0.008295
20090421       0.018719
20090422       0.002346
20090423      -0.011019
20090424      -0.013212
20090427      -0.001299
20090428       0.019910
20090429       0.020600
20090430      -0.007978
20090501       0.013565
20090504       0.015104
20090505      -0.003202
20090506      -0.006424
20090507      -0.019404
20090508      -0.010722
20090511       0.013893
20090512       0.010107
20090513      -0.016163
20090514      -0.011833
20090515       0.003167
20090518       0.031666
20090519       0.008893
20090520      -0.013838
20090521      -0.011821
20090522      -0.009045
20090526       0.030719
20090527      -0.019901
20090528       0.017099
20090529       0.015188
20090601       0.019665
20090602      -0.014211
20090603      -0.003183
20090604      -0.001502
20090605       0.008558
20090608       0.002331
20090609       0.006047
20090610       0.001942
20090611       0.009691
20090612      -0.010878
20090615      -0.005452
20090616      -0.002788
20090617      -0.002982
20090618      -0.006262
20090619      -0.004138
20090622      -0.012938
20090623      -0.000765
20090624      -0.002777
20090625       0.018339
20090626      -0.003583
20090629       0.001419
20090630      -0.013323
20090701       0.004022
20090702      -0.029664
20090706      -0.000786
20090707      -0.014363
20090708       0.004891
20090709       0.013905
20090710      -0.012245
20090713       0.027670
20090714      -0.003571
20090715       0.038450
20090716       0.031897
20090717       0.043203
20090720       0.008837
20090721       0.005153
20090722      -0.012560
20090723       0.012893
20090724       0.004955
20090727      -0.000085
20090728      -0.002975
20090729      -0.000171
20090730       0.005117
20090731       0.000594
20090803       0.016874
20090804      -0.002668
20090805      -0.009448
20090806      -0.004558
20090807       0.016613
20090810      -0.005280
20090811      -0.007666
20090812       0.012735
20090813       0.002431
20090814      -0.008446
20090817      -0.014422
20090818       0.006589
20090819       0.007991
20090820       0.003205
20090821       0.007987
20090824      -0.004837
20090825      -0.004107
20090826       0.005386
20090827      -0.000335
20090828      -0.010131
20090831      -0.001438
20090901      -0.011521
20090902      -0.005142
20090903       0.002067
20090904       0.009714
20090908      -0.002554
20090909      -0.003414
20090910       0.007794
20090911       0.003229
20090914       0.007031
20090915       0.003954
20090916       0.020695
20090917       0.000493
20090918       0.001887
20090921      -0.004422
20090922       0.000329
20090923      -0.006496
20090924       0.000993
20090925       0.001158
20090928      -0.014453
20090929      -0.004358
20090930       0.006733
20091001      -0.014296
20091002       0.009500
20091005       0.006133
20091006       0.013361
20091007       0.011784
20091008      -0.003991
20091009       0.029765
20091012       0.008814
20091013      -0.000157
20091014       0.010471
20091015      -0.002883
20091016      -0.049539
20091019       0.011674
20091020      -0.001950
20091021      -0.015877
20091022       0.015057
20091023      -0.018991
20091026      -0.002077
20091027       0.004496
20091028       0.007045
20091029       0.011276
20091030      -0.018393
20091102      -0.000415
20091103       0.004977
20091104       0.001073
20091105       0.014923
20091106       0.007636
20091109       0.020326
20091110       0.007222
20091111       0.002206
20091112      -0.007312
20091113       0.006098
20091116       0.009289
20091117       0.003276
20091118      -0.003732
20091119      -0.004760
20091120      -0.004548
20091123       0.009767
20091124      -0.002106
20091125      -0.005081
20091127      -0.012414
20091130       0.005171
20091201       0.012584
20091202      -0.005706
20091203       0.002673
20091204      -0.002352
20091207      -0.001650
20091208      -0.001889
20091209       0.012539
20091210       0.007399
20091211       0.002629
20091214       0.001928
20091215      -0.011083
20091216       0.001712
20091217      -0.010178
20091218       0.004003
20091221       0.005785
20091222       0.009949
20091223       0.000539
20091224       0.004385
20091228       0.013326
20091229      -0.003477
20091230       0.005461
20091231      -0.012597
20100104       0.011841
20100105      -0.012080
20100106      -0.006496
20100107      -0.003462
20100108       0.010035
20100111      -0.010470
20100112       0.007955
20100113      -0.002145
20100114       0.015972
20100115      -0.004006
20100119       0.017909
20100120      -0.029000
20100121      -0.009597
20100122      -0.027132
20100125       0.004940
20100126      -0.002934
20100127       0.004612
20100128      -0.020423
20100129      -0.010990
20100201       0.018629
20100202       0.006898
20100203       0.001036
20100204      -0.021168
20100205       0.004228
20100208      -0.008824
20100209       0.010912
20100210      -0.003247
20100211       0.007491
20100212       0.002182
20100216       0.009919
20100217       0.008784
20100218       0.011715
20100219      -0.004851
20100222      -0.002673
20100223      -0.003074
20100224       0.008936
20100225      -0.004076
20100226       0.000708
20100301       0.011088
20100302      -0.008945
20100303      -0.004238
20100304      -0.001261
20100305       0.004182
20100308      -0.006601
20100309      -0.006803
20100310       0.000558
20100311       0.015762
20100312       0.002665
20100315      -0.000860
20100316       0.006571
20100317      -0.007072
20100318       0.004853
20100319      -0.005219
20100322       0.002114
20100323       0.010861
20100324      -0.006493
20100325       0.005524
20100326       0.000155
20100329      -0.005183
20100330       0.001400
20100331      -0.004038
20100401       0.000000
20100405       0.008577
20100406      -0.003247
20100407      -0.003490
20100408      -0.006771
20100409       0.009012
20100412      -0.003107
20100413       0.005220
20100414       0.017205
20100415      -0.002743
20100416      -0.001986
20100419       0.012248
20100420      -0.019209
20100421      -0.005397
20100422       0.001085
20100423       0.006660
20100426       0.005693
20100427      -0.014610
20100428       0.009936
20100429       0.002767
20100430      -0.011191
20100503       0.004651
20100504      -0.011420
20100505      -0.005151
20100506      -0.022674
20100507      -0.014687
20100510       0.034152
20100511       0.004910
20100512       0.045630
20100513      -0.009044
20100514      -0.002206
20100517      -0.005717
20100518      -0.003757
20100519      -0.008388
20100520      -0.039267
20100521       0.013086
20100524      -0.007734
20100525       0.000562
20100526      -0.010360
20100527       0.025643
20100528      -0.008941
20100601      -0.007345
20100602       0.024690
20100603       0.004317
20100604      -0.020944
20100607      -0.009179
20100608      -0.003303
20100609       0.001455
20100610       0.030508
20100611       0.006031
20100614       0.000389
20100615       0.010039
20100616       0.004315
20100617       0.004833
20100618      -0.006337
20100621       0.003842
20100622      -0.010333
20100623       0.006264
20100624      -0.014757
20100625      -0.008347
20100628       0.014632
20100629      -0.030160
20100630      -0.012871
20100701      -0.007370
20100702      -0.005793
20100706       0.013130
20100707       0.028673
20100708       0.007638
20100709      -0.000078
20100712       0.005549
20100713       0.014067
20100714       0.001839
20100715       0.000000
20100716      -0.020578
20100719       0.013747
20100720      -0.024963
20100721      -0.010115
20100722       0.017562
20100723       0.007139
20100726       0.000234
20100727       0.001713
20100728      -0.001555
20100729      -0.003192
20100730       0.002968
20100802       0.018380
20100803      -0.002983
20100804       0.006903
20100805       0.004266
20100806      -0.007889
20100809       0.014292
20100810      -0.001212
20100811      -0.015246
20100812      -0.011785
20100813      -0.003352
20100816      -0.000782
20100817       0.005322
20100818       0.007338
20100819      -0.003806
20100820      -0.010861
20100823      -0.008078
20100824      -0.012414
20100825       0.002962
20100826      -0.019877
20100827       0.015882
20100830      -0.010663
20100831      -0.002188
20100901       0.021441
20100902      -0.005804
20100903       0.020314
20100907      -0.012776
20100908       0.001032
20100909       0.002221
20100910       0.012900
20100913       0.012657
20100914      -0.005864
20100915       0.004501
20100916       0.001854
20100917       0.004010
20100920       0.012290
20100921       0.001442
20100922       0.004470
20100923      -0.006789
20100924       0.018531
20100927       0.004026
20100928       0.001782
20100929       0.004374
20100930      -0.009891
20101001       0.011182
20101004      -0.002875
20101005       0.017819
20101006       0.001308
20101007       0.006384
20101008       0.000937
20101011       0.005834
20101012       0.001360
20101013       0.003718
20101014       0.008050
20101015      -0.003110
20101018       0.012548
20101019      -0.033606
20101020       0.007535
20101021       0.005465
20101022      -0.001144
20101025       0.001217
20101026       0.005935
20101027       0.005403
20101028      -0.003747
20101029       0.019163
20101101      -0.001950
20101102       0.003628
20101103       0.002294
20101104       0.018173
20101105       0.000886
20101108       0.001293
20101109      -0.002185
20101110       0.002806
20101111      -0.007643
20101112      -0.011621
20101115      -0.000696
20101116      -0.009747
20101117      -0.002039
20101118       0.016978
20101119       0.004780
20101122       0.002344
20101123      -0.015201
20101124       0.018369
20101126      -0.011659
20101129      -0.008466
20101130      -0.010008
20101201       0.020854
20101202       0.005332
20101203       0.001378
20101206      -0.002683
20101207      -0.006690
20101208       0.006666
20101209      -0.004690
20101210       0.003604
20101213      -0.003729
20101214       0.010674
20101215      -0.007544
20101216      -0.001175
20101217       0.003113
20101220      -0.003379
20101221       0.008512
20101222       0.001441
20101223      -0.000411
20101227      -0.003770
20101228       0.002546
20101229       0.005559
20101230       0.001024
20101231       0.000614
