date            rtn
20010102      -0.010892
20010103      -0.011536
20010104       0.010080
20010105      -0.037290
20010108       0.006001
20010109      -0.015727
20010110      -0.009917
20010111      -0.001669
20010112      -0.021739
20010116       0.034758
20010117      -0.030837
20010118      -0.009091
20010119      -0.020642
20010122       0.019906
20010123       0.019518
20010124      -0.034910
20010125       0.022170
20010126      -0.019977
20010129      -0.000210
20010130       0.038307
20010131      -0.006732
20010201       0.008134
20010202      -0.025280
20010205       0.009565
20010206       0.017218
20010207       0.001970
20010208       0.001520
20010209      -0.012405
20010212       0.016447
20010213       0.014758
20010214      -0.027773
20010215       0.034063
20010216      -0.013333
20010220       0.005476
20010221      -0.017393
20010222      -0.009078
20010223       0.001361
20010226       0.008605
20010227       0.014818
20010228      -0.002212
20010301      -0.027938
20010302       0.015785
20010305       0.007815
20010306       0.000446
20010307       0.006058
20010308       0.037723
20010309      -0.006656
20010312      -0.039601
20010313      -0.036673
20010314      -0.001764
20010315       0.016091
20010316      -0.029568
20010319       0.018583
20010320      -0.025375
20010321      -0.015298
20010322      -0.017562
20010323      -0.000589
20010326       0.022408
20010327       0.013265
20010328      -0.005502
20010329      -0.019365
20010330       0.010700
20010402      -0.017806
20010403      -0.020970
20010404      -0.012912
20010405       0.046745
20010406      -0.011915
20010409       0.025294
20010410       0.038153
20010411      -0.016211
20010412       0.008613
20010416       0.025527
20010417      -0.014301
20010418       0.065197
20010419       0.004310
20010420      -0.034335
20010423       0.033778
20010424      -0.001634
20010425       0.007924
20010426       0.006836
20010427       0.009760
20010430       0.000252
20010501      -0.012604
20010502      -0.008170
20010503       0.010296
20010504       0.019023
20010507      -0.017418
20010508      -0.013062
20010509       0.004899
20010510       0.009493
20010511      -0.005591
20010514       0.007838
20010515      -0.001268
20010516       0.067287
20010517      -0.014263
20010518      -0.005335
20010521       0.000325
20010522      -0.016979
20010523      -0.002975
20010524      -0.013760
20010525      -0.001765
20010529       0.008251
20010530      -0.020042
20010531       0.010481
20010601       0.007000
20010604       0.004941
20010605       0.012500
20010606       0.000741
20010607       0.001727
20010608      -0.013875
20010611       0.001915
20010612       0.014459
20010613      -0.001065
20010614      -0.009758
20010615       0.000994
20010618       0.011168
20010619      -0.015299
20010620      -0.014623
20010621      -0.019056
20010622       0.003782
20010625      -0.009334
20010626      -0.005964
20010627      -0.006087
20010628       0.013648
20010629      -0.015191
20010702       0.027695
20010703      -0.003667
20010705      -0.003338
20010706      -0.015802
20010709       0.002182
20010710      -0.027862
20010711       0.000806
20010712       0.016019
20010713      -0.011451
20010716      -0.019424
20010717       0.025534
20010718       0.007886
20010719       0.007912
20010720      -0.014392
20010723      -0.014867
20010724      -0.038268
20010725       0.030824
20010726       0.009967
20010727       0.000179
20010730      -0.020004
20010731       0.024073
20010801      -0.007866
20010802       0.002613
20010803       0.003954
20010806      -0.021122
20010807       0.013532
20010808      -0.023996
20010809      -0.006193
20010810       0.021670
20010813       0.005917
20010814      -0.012670
20010815       0.005041
20010816      -0.005746
20010817      -0.003119
20010820      -0.000736
20010821      -0.007827
20010822       0.024687
20010823      -0.013296
20010824       0.020858
20010827      -0.000542
20010828      -0.011307
20010829      -0.023330
20010830      -0.023888
20010831      -0.000960
20010904       0.004323
20010905       0.004304
20010906      -0.010476
20010907      -0.030029
20010910       0.014090
20010917      -0.066047
20010918      -0.013724
20010919      -0.017952
20010920      -0.023039
20010921      -0.036980
20010924       0.053920
20010925       0.015927
20010926       0.002684
20010927       0.031377
20010928       0.021701
20011001      -0.015650
20011002       0.003613
20011003       0.024483
20011004       0.000502
20011005       0.001004
20011008      -0.012934
20011009      -0.000102
20011010       0.034539
20011011       0.042223
20011012      -0.015546
20011015       0.012633
20011016       0.003686
20011017      -0.028625
20011018      -0.002036
20011019      -0.007576
20011022       0.051091
20011023      -0.009219
20011024       0.002820
20011025       0.018744
20011026       0.010396
20011029      -0.030046
20011030      -0.010983
20011031      -0.009301
20011101       0.018107
20011102       0.018161
20011105       0.021257
20011106      -0.010136
20011107       0.009782
20011108       0.008601
20011109       0.001257
20011112      -0.005290
20011113       0.022172
20011114       0.012785
20011115      -0.002089
20011116       0.003315
20011119       0.014957
20011120       0.000257
20011121      -0.006888
20011123       0.016472
20011126      -0.002559
20011127      -0.006156
20011128      -0.014110
20011129       0.005585
20011130      -0.005641
20011203      -0.006197
20011204       0.022482
20011205       0.020871
20011206      -0.000252
20011207      -0.004460
20011210      -0.022908
20011211       0.002163
20011212       0.001381
20011213      -0.008276
20011214       0.006606
20011217       0.012953
20011218       0.018755
20011219       0.002510
20011220      -0.011018
20011221       0.006077
20011224       0.001846
20011226       0.010132
20011227      -0.003896
20011228      -0.001997
20011231      -0.014259
20020102      -0.009052
20020103      -0.003329
20020104       0.002998
20020107      -0.011956
20020108      -0.005618
20020109      -0.003477
20020110      -0.012647
20020111       0.005212
20020114      -0.017840
20020115      -0.020222
20020116      -0.052968
20020117       0.007907
20020118       0.021814
20020122      -0.003558
20020123       0.009773
20020124       0.018612
20020125       0.016170
20020128      -0.006203
20020129      -0.017098
20020130       0.011229
20020131       0.010285
20020201       0.020450
20020204      -0.033283
20020205      -0.007489
20020206       0.009293
20020207      -0.001641
20020208       0.015524
20020211       0.025178
20020212       0.001403
20020213       0.014365
20020214       0.009412
20020215      -0.011805
20020219      -0.013244
20020220       0.032722
20020221      -0.009394
20020222       0.025862
20020225       0.012185
20020226      -0.009547
20020227      -0.002515
20020228      -0.008992
20020301       0.020266
20020304       0.022357
20020305      -0.023250
20020306       0.011819
20020307      -0.003619
20020308       0.003055
20020311      -0.008230
20020312       0.006639
20020313      -0.014839
20020314       0.009121
20020315       0.006717
20020318       0.006590
20020319      -0.004092
20020320      -0.014790
20020321      -0.013344
20020322      -0.016145
20020325      -0.005928
20020326       0.008211
20020327       0.002658
20020328      -0.016672
20020401       0.002174
20020402      -0.002343
20020403      -0.018088
20020404       0.010716
20020405       0.068437
20020408       0.013942
20020409       0.010434
20020410       0.001761
20020411      -0.010388
20020412      -0.013081
20020415      -0.005482
20020416       0.023529
20020417      -0.007154
20020418       0.001295
20020419       0.009783
20020422       0.000961
20020423      -0.005840
20020424       0.009817
20020425       0.011554
20020426      -0.020087
20020429      -0.014148
20020430       0.025767
20020501       0.001590
20020502       0.009206
20020503      -0.001258
20020506      -0.021890
20020507       0.000564
20020508       0.015206
20020509       0.000951
20020510       0.004751
20020513       0.012608
20020514       0.011595
20020515      -0.003770
20020516      -0.000695
20020517       0.005100
20020520      -0.014069
20020521      -0.009825
20020522       0.009293
20020523       0.007449
20020524      -0.004203
20020528      -0.009144
20020529      -0.014040
20020530       0.000800
20020531       0.002638
20020603      -0.007813
20020604       0.005062
20020605       0.005197
20020606      -0.017339
20020607       0.007204
20020610       0.012536
20020611      -0.004127
20020612       0.016497
20020613      -0.013720
20020614       0.001987
20020617       0.008330
20020618       0.011015
20020619      -0.005837
20020620      -0.007358
20020621      -0.022159
20020624       0.000968
20020625      -0.012166
20020626      -0.001550
20020627       0.022464
20020628      -0.017336
20020701       0.035772
20020702      -0.012794
20020703       0.002624
20020705       0.029897
20020708      -0.005544
20020709      -0.008904
20020710      -0.031250
20020711      -0.020968
20020712      -0.004366
20020715      -0.016381
20020716      -0.025149
20020717       0.013460
20020718      -0.006896
20020719      -0.066610
20020722       0.001102
20020723       0.025321
20020724       0.071224
20020725       0.001921
20020726       0.007503
20020729       0.048076
20020730      -0.009237
20020731       0.002709
20020801      -0.029405
20020802      -0.018505
20020805      -0.026445
20020806       0.039503
20020807       0.020526
20020808       0.019386
20020809      -0.000396
20020812      -0.004122
20020813      -0.012975
20020814       0.020403
20020815       0.002134
20020816      -0.001735
20020819       0.021488
20020820      -0.003171
20020821       0.004034
20020822      -0.012113
20020823      -0.007467
20020826       0.007681
20020827      -0.002908
20020828      -0.014975
20020829      -0.002640
20020830       0.002407
20020903      -0.039376
20020904       0.005165
20020905       0.000663
20020906       0.015738
20020909       0.011661
20020910       0.009109
20020911      -0.010304
20020912      -0.012672
20020913      -0.020437
20020916      -0.006426
20020917      -0.020074
20020918       0.014400
20020919      -0.009801
20020920       0.019370
20020923      -0.016491
20020924      -0.037110
20020925       0.001503
20020926       0.021624
20020927      -0.027646
20020930      -0.022923
20021001       0.057379
20021002      -0.015566
20021003       0.004805
20021004      -0.004521
20021007      -0.031616
20021008       0.026064
20021009      -0.012745
20021010       0.037660
20021011       0.034749
20021014       0.002902
20021015       0.035552
20021016      -0.015489
20021017       0.014354
20021018       0.001839
20021021       0.029447
20021022      -0.001628
20021023       0.004426
20021024      -0.028061
20021025       0.015907
20021028      -0.018476
20021029       0.003031
20021030       0.012565
20021031      -0.003063
20021101       0.008744
20021104       0.001952
20021105       0.004209
20021106       0.012807
20021107      -0.014484
20021108      -0.002411
20021111      -0.015044
20021112       0.011475
20021113       0.006807
20021114       0.010258
20021115      -0.003846
20021118      -0.015444
20021119       0.004078
20021120       0.010233
20021121       0.017636
20021122      -0.009543
20021125      -0.008325
20021126      -0.025262
20021127       0.033732
20021129       0.001697
20021202      -0.011552
20021203      -0.001169
20021204      -0.001560
20021205      -0.016406
20021206       0.001589
20021209      -0.016257
20021210       0.008464
20021211      -0.003118
20021212      -0.008500
20021213      -0.015204
20021216       0.015439
20021217      -0.017388
20021218      -0.005267
20021219      -0.004633
20021220       0.031837
20021223      -0.004592
20021224      -0.001052
20021226      -0.001620
20021227      -0.015337
20021230       0.013269
20021231       0.002847
20030102       0.027981
20030103      -0.003787
20030106       0.007286
20030107      -0.000943
20030108      -0.010781
20030109       0.015831
20030110      -0.008380
20030113      -0.000632
20030114       0.011380
20030115      -0.007501
20030116      -0.002913
20030117      -0.002606
20030121      -0.005383
20030122       0.014804
20030123       0.011529
20030124      -0.020315
20030127      -0.010051
20030128       0.005996
20030129       0.006119
20030130      -0.021248
20030131       0.005165
20030203       0.003533
20030204      -0.015121
20030205       0.000325
20030206      -0.000975
20030207      -0.004389
20030210       0.009716
20030211      -0.004771
20030212      -0.006744
20030213       0.001309
20030214       0.021894
20030218       0.012151
20030219      -0.000632
20030220      -0.008104
20030221       0.016019
20030224      -0.014427
20030225       0.005439
20030226      -0.007160
20030227       0.011058
20030228      -0.006419
20030303      -0.004866
20030304      -0.008496
20030305       0.011318
20030306      -0.012950
20030307       0.008260
20030310      -0.022651
20030311      -0.005506
20030312       0.003719
20030313       0.032686
20030314       0.000957
20030317       0.031462
20030318       0.003629
20030319      -0.001847
20030320       0.006783
20030321       0.028788
20030324      -0.028206
20030325       0.013172
20030326      -0.004308
20030327      -0.000531
20030328      -0.008735
20030331      -0.003678
20030401       0.006229
20030402       0.021553
20030403       0.001422
20030404       0.000971
20030407      -0.010599
20030408       0.006940
20030409      -0.014010
20030410       0.008890
20030411       0.000979
20030414       0.002483
20030415       0.003002
20030416      -0.034720
20030417       0.007597
20030421      -0.001154
20030422      -0.000616
20030423      -0.015029
20030424      -0.016275
20030425      -0.022431
20030428       0.031733
20030429       0.001341
20030430      -0.007325
20030501      -0.009045
20030502       0.010008
20030505      -0.010622
20030506      -0.015944
20030507      -0.010666
20030508       0.012921
20030509      -0.002194
20030512       0.013354
20030513      -0.007875
20030514      -0.002511
20030515       0.021841
20030516      -0.003178
20030519      -0.011718
20030520       0.006372
20030521      -0.006732
20030522       0.012168
20030523      -0.010179
20030527       0.021053
20030528      -0.008644
20030529      -0.013519
20030530       0.025543
20030602      -0.011623
20030603       0.009440
20030604       0.006499
20030605      -0.010551
20030606       0.005889
20030609      -0.001503
20030610       0.000000
20030611       0.013866
20030612       0.003126
20030613      -0.004363
20030616       0.020970
20030617      -0.003066
20030618       0.012761
20030619      -0.002505
20030620      -0.004794
20030623      -0.009252
20030624       0.002701
20030625      -0.004772
20030626       0.007734
20030627      -0.012970
20030630       0.002877
20030701      -0.000775
20030702       0.007837
20030703      -0.011625
20030707       0.013553
20030708      -0.002459
20030709      -0.003698
20030710      -0.003248
20030711       0.002638
20030714      -0.002167
20030715      -0.006746
20030716      -0.003669
20030717      -0.002351
20030718       0.022463
20030721       0.047396
20030722       0.009534
20030723       0.007991
20030724       0.004324
20030725       0.014711
20030728      -0.002970
20030729      -0.010143
20030730      -0.001075
20030731       0.005739
20030801      -0.008488
20030804       0.007985
20030805      -0.008350
20030806      -0.005326
20030807       0.004631
20030808       0.007922
20030811       0.013934
20030812       0.014588
20030813       0.003681
20030814      -0.016332
20030815       0.003658
20030818       0.011776
20030819       0.000762
20030820       0.000208
20030821       0.006049
20030822      -0.008086
20030825      -0.001045
20030826       0.005371
20030827      -0.008256
20030828      -0.004897
20030829       0.001547
20030902      -0.016284
20030903       0.017553
20030904      -0.018302
20030905      -0.009429
20030908      -0.005048
20030909      -0.004131
20030910      -0.005895
20030911       0.016764
20030912      -0.004752
20030915       0.001447
20030916       0.017121
20030917      -0.003764
20030918       0.011264
20030919       0.000916
20030922       0.000986
20030923       0.004433
20030924      -0.011208
20030925       0.003259
20030926       0.012993
20030929      -0.020286
20030930      -0.017077
20031001       0.026495
20031002       0.005360
20031003       0.024551
20031006      -0.001232
20031007       0.004936
20031008      -0.008186
20031009       0.019807
20031010      -0.001349
20031013       0.006483
20031014       0.002013
20031015      -0.012991
20031016      -0.001493
20031017       0.006251
20031020       0.019311
20031021       0.000265
20031022       0.004238
20031023       0.001451
20031024      -0.003293
20031027       0.000793
20031028       0.019937
20031029       0.004142
20031030       0.006317
20031031       0.010377
20031103      -0.001014
20031104       0.009011
20031105      -0.004151
20031106       0.005431
20031107      -0.007035
20031110      -0.002530
20031111      -0.004312
20031112       0.005096
20031113       0.009506
20031114      -0.014062
20031117      -0.004330
20031118      -0.012534
20031119      -0.000389
20031120      -0.000651
20031121       0.009245
20031124       0.026448
20031125      -0.004902
20031126       0.001389
20031128      -0.003027
20031201       0.032642
20031202      -0.008209
20031203       0.000494
20031204       0.003828
20031205      -0.006888
20031208       0.014986
20031209       0.000854
20031210      -0.013167
20031211       0.003706
20031212       0.002831
20031215       0.006505
20031216       0.011951
20031217       0.005784
20031218      -0.000359
20031219       0.007671
20031222       0.014036
20031223      -0.007507
20031224      -0.004373
20031226      -0.000356
20031229       0.003444
20031230      -0.002604
20031231       0.008899
20040102      -0.019522
20040105       0.019072
20040106      -0.003060
20040107      -0.017237
20040108      -0.006728
20040109      -0.003387
20040112       0.009345
20040113      -0.003487
20040114       0.009894
20040115       0.007169
20040116       0.013998
20040120      -0.059312
20040121       0.016665
20040122       0.004404
20040123      -0.001827
20040126       0.006223
20040127      -0.004487
20040128      -0.025579
20040129      -0.006000
20040130      -0.005407
20040202      -0.013782
20040203       0.011538
20040204       0.006971
20040205      -0.005664
20040206       0.010253
20040209      -0.005262
20040210       0.023429
20040211       0.001846
20040212      -0.005160
20040213      -0.016053
20040217       0.008032
20040218      -0.003735
20040219      -0.007030
20040220       0.007585
20040223       0.009285
20040224      -0.011934
20040225      -0.011449
20040226      -0.004964
20040227      -0.002047
20040301       0.009741
20040302      -0.005966
20040303       0.008173
20040304      -0.000760
20040305      -0.002915
20040308      -0.012586
20040309       0.002318
20040310      -0.023764
20040311      -0.008553
20040312       0.011546
20040315      -0.017712
20040316       0.052624
20040317       0.009517
20040318       0.004022
20040319      -0.001502
20040322      -0.000627
20040323      -0.001380
20040324      -0.002136
20040325       0.020018
20040326      -0.012836
20040329       0.010253
20040330       0.010891
20040331       0.002326
20040401      -0.010016
20040402       0.009007
20040405       0.011861
20040406       0.000967
20040407      -0.000966
20040408      -0.003867
20040412       0.014437
20040413      -0.014709
20040414       0.003277
20040415       0.002299
20040416       0.010622
20040419       0.000358
20040420      -0.006686
20040421       0.008654
20040422       0.036106
20040423       0.010926
20040426      -0.001707
20040427       0.007179
20040428      -0.018782
20040429      -0.006919
20040430       0.004180
20040503       0.006360
20040504      -0.006090
20040505      -0.008671
20040506      -0.011429
20040507      -0.004011
20040510      -0.010541
20040511       0.007302
20040512       0.014260
20040513      -0.009842
20040514      -0.008283
20040517      -0.007040
20040518      -0.001202
20040519      -0.005414
20040520      -0.001336
20040521       0.008759
20040524      -0.004462
20040525       0.013204
20040526       0.004304
20040527       0.011309
20040528      -0.004591
20040601       0.003193
20040602       0.009195
20040603      -0.009812
20040604       0.001062
20040607       0.003771
20040608       0.011153
20040609      -0.008359
20040610       0.009484
20040614      -0.012410
20040615       0.004698
20040616      -0.003507
20040617       0.007977
20040618       0.013499
20040621       0.002182
20040622       0.025435
20040623       0.000559
20040624      -0.010832
20040625       0.000903
20040628       0.000338
20040629       0.012516
20040630       0.002339
20040701      -0.020442
20040702      -0.007599
20040706       0.000571
20040707       0.010051
20040708      -0.007803
20040709      -0.001026
20040712       0.002852
20040713      -0.005916
20040714       0.009270
20040715       0.004876
20040716      -0.008802
20040719      -0.054531
20040720       0.023480
20040721      -0.016706
20040722       0.001436
20040723      -0.012903
20040726      -0.011983
20040727       0.017396
20040728      -0.012763
20040729       0.001586
20040730       0.002923
20040802       0.014449
20040803      -0.007421
20040804       0.003015
20040805      -0.019356
20040806      -0.020841
20040809      -0.005259
20040810       0.002014
20040811      -0.004773
20040812      -0.018175
20040813      -0.001671
20040816       0.007340
20040817       0.005752
20040818       0.021352
20040819      -0.000250
20040820       0.003626
20040823       0.001121
20040824       0.002738
20040825       0.007694
20040826       0.000862
20040827       0.002584
20040830      -0.002209
20040831       0.013038
20040901       0.006071
20040902       0.008207
20040903       0.004788
20040907       0.003336
20040908      -0.004393
20040909       0.000000
20040910       0.010018
20040913      -0.000472
20040914      -0.008624
20040915      -0.022879
20040916       0.000610
20040917       0.003291
20040920      -0.016764
20040921       0.007784
20040922      -0.016428
20040923      -0.019070
20040924      -0.000254
20040927      -0.012583
20040928       0.017763
20040929      -0.003668
20040930       0.015105
20041001      -0.003501
20041004      -0.009411
20041005      -0.002280
20041006       0.030218
20041007      -0.018240
20041008      -0.005021
20041011      -0.000505
20041012      -0.007448
20041013      -0.008266
20041014      -0.004873
20041015       0.004897
20041018      -0.024109
20041019      -0.009330
20041020       0.018703
20041021       0.010417
20041022      -0.022165
20041025      -0.004085
20041026       0.008601
20041027       0.017712
20041028      -0.005414
20041029       0.005444
20041101      -0.008508
20041102      -0.013392
20041103      -0.007775
20041104       0.037057
20041105       0.042520
20041108      -0.000246
20041109      -0.002335
20041110      -0.004188
20041111       0.012740
20041112       0.009770
20041115      -0.004838
20041116      -0.006198
20041117       0.010028
20041118       0.001703
20041119      -0.017239
20041122      -0.002594
20041123      -0.006193
20041124       0.000125
20041126      -0.001121
20041129      -0.001996
20041130      -0.005125
20041201       0.010805
20041202      -0.006712
20041203       0.014641
20041206      -0.008757
20041207      -0.018664
20041208       0.004691
20041209      -0.003407
20041210      -0.002153
20041213      -0.004061
20041214       0.000255
20041215       0.007516
20041216       0.010242
20041217       0.009011
20041220       0.001612
20041221       0.004334
20041222       0.005056
20041223       0.012759
20041227      -0.004846
20041228       0.010225
20041229      -0.003012
20041230       0.000121
20041231      -0.008218
20050103       0.004021
20050104      -0.008131
20050105      -0.012235
20050106       0.009042
20050107       0.010312
20050110       0.019927
20050111       0.009173
20050112       0.002951
20050113      -0.013771
20050114       0.002148
20050118      -0.023223
20050119       0.001829
20050120       0.009493
20050121      -0.020253
20050124       0.004307
20050125       0.014702
20050126       0.007245
20050127      -0.006353
20050128       0.004343
20050131       0.013333
20050201      -0.003319
20050202      -0.008801
20050203       0.000000
20050204       0.008879
20050207      -0.002379
20050208       0.005484
20050209      -0.011738
20050210       0.006599
20050211       0.001669
20050214       0.006782
20050215       0.016310
20050216       0.009420
20050217      -0.012558
20050218      -0.001867
20050222      -0.017417
20050223       0.003331
20050224       0.004171
20050225       0.003916
20050228      -0.007801
20050301       0.006314
20050302       0.001065
20050303       0.004021
20050304       0.018375
20050307       0.002892
20050308      -0.003806
20050309      -0.003010
20050310       0.006154
20050311      -0.011772
20050314       0.003153
20050315      -0.000466
20050316       0.001631
20050317      -0.000349
20050318       0.002210
20050321      -0.005687
20050322      -0.003385
20050323      -0.003631
20050324       0.002469
20050328      -0.001290
20050329      -0.006105
20050330       0.015712
20050331      -0.003373
20050401      -0.006652
20050404      -0.004934
20050405      -0.002715
20050406       0.004143
20050407       0.004009
20050408      -0.007163
20050411      -0.000946
20050412       0.009234
20050413      -0.012082
20050414      -0.021848
20050415      -0.018451
20050418      -0.061341
20050419       0.013570
20050420      -0.013389
20050421       0.026219
20050422      -0.010656
20050425       0.005840
20050426      -0.017804
20050427       0.006174
20050428      -0.017885
20050429       0.016483
20050502       0.005362
20050503      -0.001561
20050504       0.007686
20050505       0.001551
20050506      -0.001807
20050509       0.005173
20050510      -0.014409
20050511       0.004960
20050512      -0.015716
20050513      -0.002243
20050516       0.010713
20050517       0.007721
20050518       0.019608
20050519      -0.003073
20050520      -0.010275
20050523       0.019076
20050524      -0.004330
20050525      -0.014452
20050526      -0.001038
20050527       0.000000
20050531      -0.004287
20050601       0.004566
20050602      -0.005584
20050603      -0.007444
20050606       0.002105
20050607       0.002363
20050608       0.002882
20050609      -0.004963
20050610      -0.005119
20050613       0.003958
20050614       0.007491
20050615      -0.006914
20050616       0.007093
20050617       0.003261
20050620       0.003510
20050621       0.000000
20050622       0.008939
20050623      -0.025809
20050624      -0.005140
20050627       0.004107
20050628       0.017285
20050629      -0.013748
20050630      -0.049185
20050701       0.009682
20050705       0.008493
20050706      -0.010731
20050707       0.013456
20050708       0.016123
20050711       0.015067
20050712      -0.016551
20050713       0.003339
20050714       0.004127
20050715       0.000265
20050718      -0.012193
20050719      -0.003220
20050720       0.005250
20050721      -0.001741
20050722       0.002146
20050725      -0.007228
20050726      -0.005258
20050727      -0.001762
20050728       0.014257
20050729       0.004016
20050801       0.004000
20050802      -0.005578
20050803      -0.009215
20050804      -0.011322
20050805      -0.004908
20050808      -0.008905
20050809      -0.004700
20050810       0.000000
20050811       0.005000
20050812      -0.005804
20050815       0.003336
20050816      -0.007204
20050817       0.007256
20050818       0.002230
20050819       0.002086
20050822      -0.002081
20050823      -0.012931
20050824       0.004649
20050825      -0.000280
20050826      -0.004348
20050829       0.001268
20050830      -0.001407
20050831       0.002395
20050901      -0.004076
20050902       0.009032
20050906       0.016783
20050907       0.014718
20050908      -0.008811
20050909       0.005470
20050912       0.009657
20050913      -0.003099
20050914      -0.003784
20050915      -0.005562
20050916       0.000546
20050919      -0.011588
20050920      -0.002069
20050921      -0.000276
20050922       0.006498
20050923      -0.003434
20050926       0.007994
20050927       0.000684
20050928      -0.006832
20050929       0.006879
20050930       0.002460
20051003      -0.011314
20051004      -0.014201
20051005      -0.004615
20051006      -0.000843
20051007       0.008719
20051010      -0.004740
20051011      -0.011766
20051012      -0.002410
20051013      -0.004405
20051014       0.009276
20051017       0.024745
20051018       0.030909
20051019       0.012582
20051020      -0.009914
20051021      -0.000134
20051024       0.008946
20051025       0.001456
20051026      -0.006608
20051027      -0.004789
20051028       0.019115
20051031      -0.003410
20051101      -0.014741
20051102       0.003874
20051103      -0.000133
20051104      -0.000133
20051107       0.009583
20051108       0.001318
20051109       0.001843
20051110       0.014325
20051111       0.004794
20051114       0.001032
20051115       0.005539
20051116      -0.014732
20051117       0.004551
20051118       0.011649
20051121       0.013690
20051122      -0.006689
20051123      -0.001916
20051125       0.002432
20051128      -0.001532
20051129       0.001918
20051130       0.001659
20051201       0.010066
20051202       0.001640
20051205      -0.013602
20051206      -0.007916
20051207      -0.004118
20051208      -0.005686
20051209       0.011957
20051212      -0.009633
20051213      -0.002075
20051214       0.007797
20051215      -0.000774
20051216      -0.005162
20051219       0.006227
20051220      -0.001805
20051221       0.008007
20051222       0.007559
20051223      -0.000509
20051227      -0.015522
20051228       0.010597
20051229       0.001151
20051230      -0.010091
20060103       0.020774
20060104      -0.005056
20060105      -0.009148
20060106       0.008206
20060109       0.004960
20060110      -0.006201
20060111      -0.002037
20060112      -0.008549
20060113      -0.002574
20060117      -0.005290
20060118       0.001168
20060119      -0.003498
20060120      -0.021714
20060123       0.006114
20060124      -0.019815
20060125      -0.016172
20060126      -0.004110
20060127      -0.000688
20060130       0.000000
20060131       0.001376
20060201       0.006048
20060202      -0.014210
20060203      -0.014553
20060206       0.000985
20060207      -0.007306
20060208       0.004954
20060209       0.015775
20060210       0.006794
20060213       0.004132
20060214       0.010835
20060215      -0.007734
20060216      -0.001094
20060217       0.009856
20060221      -0.007727
20060222       0.003279
20060223       0.009181
20060224       0.003530
20060227      -0.002977
20060228      -0.001357
20060301       0.001087
20060302      -0.008416
20060303      -0.002327
20060306      -0.012761
20060307       0.004448
20060308       0.001522
20060309      -0.008013
20060310       0.007242
20060313      -0.003180
20060314       0.019975
20060315       0.006392
20060316       0.012027
20060317      -0.001335
20060320       0.002808
20060321      -0.000933
20060322       0.015214
20060323       0.009202
20060324       0.000391
20060327       0.000521
20060328      -0.007028
20060329       0.016514
20060330      -0.013409
20060331      -0.010847
20060403       0.001982
20060404       0.015295
20060405       0.005974
20060406       0.050607
20060407      -0.004301
20060410      -0.000617
20060411      -0.002346
20060412       0.003837
20060413      -0.001603
20060417      -0.008769
20060418       0.016571
20060419       0.003554
20060420       0.008793
20060421       0.029782
20060424       0.004703
20060425      -0.007606
20060426       0.008372
20060427      -0.003391
20060428       0.002347
20060501      -0.005385
20060502      -0.005531
20060503       0.016568
20060504       0.006636
20060505       0.009599
20060508       0.009507
20060509      -0.006241
20060510       0.000799
20060511      -0.005476
20060512      -0.006883
20060515       0.006353
20060516      -0.004132
20060517      -0.021669
20060518      -0.003198
20060519       0.001901
20060522      -0.006879
20060523      -0.003464
20060524       0.004554
20060525      -0.006681
20060526       0.007326
20060530      -0.004889
20060531       0.002396
20060601       0.010160
20060602       0.003195
20060605      -0.021585
20060606      -0.008318
20060607      -0.023341
20060608       0.017550
20060609      -0.014434
20060612      -0.005089
20060613      -0.002495
20060614      -0.000750
20060615       0.012516
20060616      -0.004821
20060619      -0.013415
20060620       0.005791
20060621       0.006384
20060622      -0.010075
20060623       0.004146
20060626       0.003629
20060627      -0.018826
20060628       0.007370
20060629       0.023587
20060630      -0.004683
20060703       0.004333
20060705      -0.007027
20060706       0.010428
20060707      -0.089569
20060710      -0.013360
20060711      -0.000274
20060712      -0.005062
20060713      -0.014989
20060714      -0.005724
20060717      -0.007863
20060718       0.002689
20060719       0.002399
20060720       0.001126
20060721      -0.005345
20060724       0.013716
20060725      -0.049937
20060726       0.013948
20060727       0.009991
20060728       0.011039
20060731      -0.001702
20060801      -0.006960
20060802      -0.004291
20060803      -0.004741
20060804       0.002454
20060807      -0.006479
20060808      -0.006377
20060809      -0.003792
20060810       0.001611
20060811       0.001754
20060814       0.001313
20060815       0.016905
20060816       0.014474
20060817       0.005792
20060818       0.000140
20060821      -0.001264
20060822       0.002390
20060823      -0.006873
20060824      -0.003412
20060825      -0.002568
20060828       0.014588
20060829       0.009445
20060830      -0.002374
20060831       0.003639
20060901       0.000279
20060905      -0.005159
20060906       0.002102
20060907      -0.012727
20060908       0.013033
20060911      -0.002238
20060912       0.017099
20060913       0.011024
20060914       0.002181
20060915       0.008296
20060918      -0.003372
20060919      -0.008662
20060920       0.002321
20060921      -0.004222
20060922      -0.000547
20060925       0.008622
20060926       0.014247
20060927      -0.001338
20060928      -0.000670
20060929      -0.002413
20061002      -0.011153
20061003       0.005979
20061004       0.011347
20061005       0.014024
20061006       0.000395
20061009      -0.001975
20061010      -0.007916
20061011       0.003590
20061012      -0.000530
20061013      -0.000398
20061016       0.004642
20061017       0.000660
20061018      -0.003562
20061019       0.011519
20061020       0.027094
20061023       0.020645
20061024      -0.002497
20061025      -0.005382
20061026      -0.002769
20061027      -0.003660
20061030      -0.000127
20061031      -0.001267
20061101       0.000000
20061102       0.000507
20061103      -0.003803
20061106       0.012853
20061107      -0.002136
20061108       0.000000
20061109      -0.006547
20061110       0.003676
20061113       0.003915
20061114       0.007421
20061115       0.007741
20061116      -0.005204
20061117       0.013825
20061120      -0.000246
20061121       0.008847
20061122      -0.002082
20061124      -0.003928
20061127      -0.011337
20061128       0.002244
20061129       0.007089
20061130       0.005927
20061201      -0.018168
20061204       0.011378
20061205      -0.004080
20061206      -0.009434
20061207      -0.003008
20061208      -0.012569
20061211       0.003691
20061212       0.002029
20061213       0.003038
20061214      -0.006057
20061215      -0.005840
20061218       0.000511
20061219      -0.003063
20061220       0.009218
20061221      -0.000254
20061222      -0.005837
20061226      -0.004084
20061227       0.005639
20061228      -0.003951
20061229      -0.002943
20070103       0.004235
20070104      -0.003961
20070105      -0.006799
20070108       0.002196
20070109       0.001160
20070110       0.002188
20070111       0.010276
20070112       0.009027
20070116       0.002520
20070117      -0.008170
20070118      -0.001267
20070119       0.005583
20070122      -0.009590
20070123       0.004587
20070124       0.008117
20070125      -0.006038
20070126      -0.004050
20070129       0.003431
20070130      -0.053951
20070131      -0.005355
20070201      -0.004172
20070202      -0.001622
20070205       0.000812
20070206       0.004599
20070207       0.005117
20070208      -0.000134
20070209      -0.001340
20070212       0.000671
20070213       0.024668
20070214       0.005364
20070215       0.000911
20070216      -0.000910
20070220      -0.003384
20070221       0.001698
20070222       0.001574
20070223      -0.001834
20070226      -0.001181
20070227      -0.021282
20070228      -0.005638
20070301      -0.005670
20070302      -0.008824
20070305       0.002191
20070306       0.004100
20070307       0.004492
20070308       0.009756
20070309       0.002818
20070312       0.005888
20070313      -0.005321
20070314       0.013776
20070315       0.002507
20070316      -0.009343
20070319       0.014346
20070320       0.000262
20070321       0.006808
20070322       0.011443
20070323       0.002443
20070326      -0.007567
20070327      -0.002714
20070328      -0.010237
20070329      -0.003797
20070330       0.004468
20070402      -0.001963
20070403       0.015469
20070404      -0.003873
20070405      -0.005314
20070409       0.001042
20070410      -0.004295
20070411      -0.003529
20070412       0.006297
20070413       0.000130
20070416       0.005735
20070417       0.001555
20070418      -0.002588
20070419       0.006487
20070420       0.002191
20070423      -0.006045
20070424      -0.003623
20070425      -0.000390
20070426       0.045212
20070427       0.013673
20070430       0.014960
20070501       0.010149
20070502       0.009688
20070503      -0.004146
20070504       0.001665
20070507       0.008550
20070508      -0.001766
20070509       0.006841
20070510      -0.008318
20070511       0.010632
20070514      -0.008416
20070515       0.015796
20070516       0.003714
20070517       0.007673
20070518       0.002654
20070521       0.001841
20070522       0.008270
20070523       0.001823
20070524      -0.008983
20070525       0.002295
20070529      -0.000458
20070530       0.007101
20070531       0.000341
20070601       0.005343
20070604      -0.004071
20070605      -0.006926
20070606      -0.009604
20070607      -0.020088
20070608       0.012488
20070611      -0.007447
20070612      -0.003048
20070613       0.025282
20070614       0.002638
20070615       0.002860
20070618      -0.000570
20070619       0.002283
20070620      -0.008426
20070621       0.003790
20070622      -0.011212
20070625      -0.002083
20070626      -0.001971
20070627       0.012198
20070628      -0.003214
20070629      -0.000691
20070702       0.013942
20070703      -0.000682
20070705      -0.002047
20070706       0.003988
20070709       0.000000
20070710      -0.010101
20070711       0.007567
20070712       0.023327
20070713       0.003225
20070716       0.007205
20070717       0.002311
20070718       0.004392
20070719      -0.003389
20070720      -0.010530
20070723       0.007316
20070724      -0.012986
20070725      -0.000780
20070726       0.004798
20070727       0.000000
20070730       0.001444
20070731      -0.013972
20070801       0.001687
20070802       0.000561
20070803      -0.017505
20070806       0.002398
20070807       0.002962
20070808       0.001363
20070809      -0.014634
20070810      -0.010246
20070813       0.003257
20070814      -0.005681
20070815      -0.008162
20070816       0.003997
20070817       0.028454
20070820       0.005010
20070821       0.002153
20070822       0.012322
20070823      -0.003593
20070824       0.004507
20070827      -0.005048
20070828      -0.012176
20070829       0.013011
20070830       0.006760
20070831       0.018241
20070904       0.001758
20070905      -0.013494
20070906       0.007896
20070907      -0.018868
20070910      -0.012371
20070911       0.004782
20070912       0.009520
20070913       0.000112
20070914      -0.000786
20070917      -0.001011
20070918       0.030698
20070919       0.003273
20070920      -0.005655
20070921       0.002625
20070924       0.001418
20070925       0.001089
20070926       0.006855
20070927       0.009185
20070928       0.002035
20071001       0.012396
20071002      -0.008972
20071003       0.003195
20071004       0.000637
20071005       0.016976
20071008      -0.004590
20071009       0.002201
20071010       0.002092
20071011      -0.015237
20071012      -0.002014
20071015       0.002336
20071016      -0.004344
20071017       0.002979
20071018       0.004986
20071019      -0.085612
20071022      -0.003925
20071023      -0.004057
20071024       0.001978
20071025      -0.000116
20071026       0.000465
20071029      -0.001858
20071030      -0.002094
20071031       0.006644
20071101      -0.028485
20071102       0.011800
20071105       0.001885
20071106       0.004703
20071107      -0.025512
20071108      -0.005284
20071109      -0.040082
20071112      -0.003647
20071113       0.025372
20071114      -0.012557
20071115      -0.006982
20071116       0.024105
20071119       0.001594
20071120       0.010894
20071121      -0.010596
20071123       0.018587
20071126      -0.021148
20071127       0.013827
20071128       0.015709
20071129       0.002398
20071130      -0.004186
20071203      -0.012611
20071204      -0.001460
20071205       0.020344
20071206       0.012655
20071207       0.016152
20071210       0.006381
20071211      -0.024095
20071212       0.023745
20071213       0.003000
20071214      -0.011390
20071217      -0.001746
20071218       0.000816
20071219      -0.010716
20071220      -0.005181
20071221       0.018464
20071224       0.002440
20071226      -0.002203
20071227      -0.007784
20071228      -0.003630
20071231      -0.009049
20080102      -0.019094
20080103      -0.000121
20080104      -0.011366
20080107      -0.007950
20080108      -0.011096
20080109      -0.000249
20080110       0.000249
20080111      -0.032789
20080114       0.011859
20080115      -0.016815
20080116       0.001555
20080117      -0.030272
20080118      -0.000667
20080122       0.003337
20080123       0.012507
20080124      -0.004862
20080125      -0.002905
20080128       0.025560
20080129       0.007490
20080130       0.002564
20080131       0.018282
20080201       0.019586
20080204      -0.007881
20080205      -0.018369
20080206       0.001138
20080207      -0.000758
20080208      -0.007078
20080211       0.009165
20080212      -0.002270
20080213       0.028824
20080214      -0.013394
20080215      -0.004235
20080219      -0.001251
20080220       0.007389
20080221      -0.012259
20080222       0.008992
20080225       0.016694
20080226       0.003580
20080227      -0.009964
20080228      -0.008449
20080229      -0.017544
20080303       0.001148
20080304      -0.001019
20080305       0.006632
20080306      -0.012416
20080307      -0.018473
20080310      -0.013462
20080311       0.032724
20080312       0.006030
20080313       0.008416
20080314      -0.019600
20080317       0.012640
20080318       0.031079
20080319      -0.018283
20080320      -0.018749
20080324       0.008464
20080325       0.004324
20080326      -0.004052
20080327      -0.010170
20080328       0.001156
20080331       0.015395
20080401       0.027416
20080402      -0.005042
20080403      -0.009146
20080404       0.004366
20080407      -0.004098
20080408      -0.003866
20080409      -0.003630
20080410       0.009549
20080411      -0.023398
20080414      -0.002676
20080415       0.007411
20080416       0.023465
20080417      -0.000496
20080418       0.027898
20080421      -0.006755
20080422      -0.014088
20080423      -0.006775
20080424      -0.018603
20080425      -0.016555
20080428      -0.008867
20080429      -0.003501
20080430       0.000520
20080501       0.012224
20080502       0.009121
20080505      -0.012731
20080506       0.002708
20080507      -0.013889
20080508       0.003521
20080509      -0.008187
20080512       0.017689
20080513      -0.006309
20080514       0.007126
20080515       0.001672
20080516       0.010275
20080519       0.004958
20080520      -0.019228
20080521      -0.011737
20080522       0.006831
20080523      -0.010830
20080527       0.004749
20080528       0.009584
20080529       0.011183
20080530      -0.002572
20080602      -0.016890
20080603      -0.000262
20080604       0.001705
20080605       0.014929
20080606      -0.034065
20080609       0.012824
20080610       0.002374
20080611      -0.009605
20080612       0.003720
20080613       0.007545
20080616      -0.012086
20080617      -0.003058
20080618      -0.008937
20080619      -0.002423
20080620      -0.014841
20080623      -0.000822
20080624      -0.007264
20080625       0.001933
20080626      -0.031831
20080627      -0.010675
20080630       0.001151
20080701       0.002730
20080702      -0.018630
20080703       0.014311
20080707       0.005615
20080708       0.016893
20080709      -0.033648
20080710       0.004079
20080711      -0.002902
20080714       0.004365
20080715      -0.019270
20080716       0.014035
20080717       0.011801
20080718      -0.007343
20080721      -0.003046
20080722       0.022843
20080723       0.007112
20080724       0.003531
20080725      -0.001408
20080728      -0.018605
20080729       0.012351
20080730       0.011491
20080731      -0.012763
20080801      -0.003410
20080804      -0.005702
20080805       0.030538
20080806      -0.000974
20080807      -0.008773
20080808       0.032312
20080811       0.012248
20080812      -0.010487
20080813      -0.008696
20080814       0.001097
20080815       0.006161
20080818      -0.014152
20080819      -0.015735
20080820      -0.001683
20080821       0.003112
20080822       0.019320
20080825      -0.021444
20080826      -0.000141
20080827       0.000000
20080828       0.025170
20080829      -0.012414
20080902      -0.006704
20080903      -0.004078
20080904      -0.015389
20080905      -0.007886
20080908       0.028761
20080909      -0.024305
20080910      -0.011087
20080911       0.018346
20080912       0.003003
20080915      -0.018104
20080916       0.012340
20080917      -0.012620
20080918       0.023965
20080919       0.030922
20080922      -0.027243
20080923      -0.024045
20080924      -0.006232
20080925       0.016917
20080926      -0.004016
20080929      -0.045068
20080930       0.030006
20081001      -0.013468
20081002      -0.026562
20081003      -0.015244
20081006      -0.024768
20081007      -0.048095
20081008      -0.043355
20081009      -0.067457
20081010       0.014206
20081013       0.098784
20081014      -0.004193
20081015      -0.078996
20081016       0.047366
20081017      -0.013620
20081020       0.018056
20081021       0.043992
20081022      -0.030813
20081023       0.057570
20081024      -0.031362
20081027       0.012750
20081028       0.065264
20081029      -0.033898
20081030       0.006760
20081031       0.027978
20081103      -0.002955
20081104       0.023397
20081105      -0.016613
20081106      -0.033478
20081107       0.039609
20081110       0.001851
20081111      -0.039569
20081112      -0.047131
20081113       0.083950
20081114      -0.021263
20081117      -0.035839
20081118       0.022533
20081119      -0.046646
20081120      -0.033691
20081121       0.079415
20081124       0.031974
20081125       0.006007
20081126       0.035669
20081128       0.015476
20081201      -0.068430
20081202      -0.023897
20081203      -0.002465
20081204      -0.025861
20081205       0.012005
20081208      -0.041270
20081209      -0.021436
20081210       0.024399
20081211      -0.041377
20081212       0.016322
20081215      -0.007316
20081216       0.048355
20081217       0.004458
20081218      -0.031922
20081219      -0.001587
20081222      -0.004415
20081223      -0.016498
20081224       0.001082
20081226       0.004324
20081229      -0.006638
20081230       0.032509
20081231       0.006472
20090102       0.028676
20090105      -0.011657
20090106       0.011795
20090107      -0.018922
20090108       0.008783
20090109      -0.014339
20090112      -0.011431
20090113      -0.014541
20090114      -0.021511
20090115       0.002362
20090116       0.022657
20090120      -0.044311
20090121       0.005935
20090122      -0.003319
20090123      -0.021458
20090126       0.012476
20090127       0.008028
20090128       0.026486
20090129       0.020390
20090130      -0.048806
20090202      -0.058933
20090203       0.020150
20090204      -0.015492
20090205       0.013965
20090206       0.016295
20090209       0.032831
20090210      -0.055997
20090211       0.004111
20090212      -0.025736
20090213      -0.011007
20090217      -0.040469
20090218       0.004850
20090219      -0.001485
20090220       0.003824
20090223      -0.038942
20090224       0.043823
20090225      -0.016667
20090226      -0.006007
20090227      -0.018778
20090302      -0.057633
20090303       0.006536
20090304       0.039425
20090305      -0.051540
20090306      -0.015996
20090309       0.005737
20090310       0.081293
20090311       0.028797
20090312       0.025641
20090313       0.000000
20090316      -0.011042
20090317       0.027175
20090318       0.009024
20090319      -0.035163
20090320      -0.032442
20090323       0.073808
20090324      -0.020681
20090325       0.014907
20090326       0.041004
20090327      -0.013717
20090330      -0.033380
20090331       0.021994
20090401       0.018705
20090402       0.029220
20090403      -0.000384
20090406      -0.000576
20090407      -0.024578
20090408       0.011417
20090409       0.034060
20090413       0.004141
20090414      -0.007685
20090415       0.014923
20090416       0.019170
20090417      -0.017348
20090420      -0.034194
20090421       0.025399
20090422      -0.004316
20090423       0.021674
20090424       0.051467
20090427       0.006140
20090428      -0.013949
20090429       0.017153
20090430       0.001391
20090501       0.004861
20090504       0.010366
20090505      -0.000855
20090506       0.012151
20090507      -0.006256
20090508       0.022460
20090511      -0.016309
20090512       0.007105
20090513      -0.043507
20090514       0.017562
20090515      -0.000345
20090518       0.022617
20090519      -0.003883
20090520      -0.004915
20090521      -0.028351
20090522      -0.008488
20090526       0.032816
20090527      -0.032291
20090528       0.009101
20090529       0.009726
20090601       0.038354
20090602       0.011300
20090603      -0.007672
20090604       0.005882
20090605       0.018212
20090608      -0.004102
20090609      -0.005767
20090610       0.001989
20090611       0.001985
20090612       0.006933
20090615      -0.027705
20090616      -0.015175
20090617       0.010786
20090618       0.004573
20090619       0.001012
20090622      -0.032003
20090623      -0.007134
20090624       0.007361
20090625       0.024704
20090626       0.006112
20090629       0.011812
20090630       0.002335
20090701       0.010649
20090702      -0.008067
20090706       0.006971
20090707      -0.031482
20090708       0.004425
20090709       0.001186
20090710       0.011846
20090713       0.011708
20090714       0.002314
20090715       0.022596
20090716       0.022581
20090717      -0.007571
20090720       0.014622
20090721       0.005639
20090722       0.007321
20090723       0.073604
20090724      -0.000144
20090727       0.007059
20090728      -0.000429
20090729      -0.016600
20090730       0.017171
20090731       0.008870
20090803       0.022972
20090804      -0.001525
20090805      -0.002777
20090806       0.007935
20090807       0.006906
20090810      -0.027298
20090811       0.006064
20090812       0.013877
20090813       0.003733
20090814      -0.017631
20090817      -0.017386
20090818       0.003853
20090819       0.013504
20090820       0.006216
20090821       0.019795
20090824      -0.001101
20090825       0.001654
20090826      -0.017336
20090827       0.002940
20090828       0.004049
20090831       0.002503
20090901      -0.027462
20090902       0.006560
20090903       0.006234
20090904       0.004647
20090908       0.004765
20090909       0.020784
20090910       0.016535
20090911      -0.005243
20090914       0.007568
20090915       0.001609
20090916       0.009373
20090917      -0.006500
20090918      -0.003605
20090921      -0.001072
20090922       0.005769
20090923      -0.007336
20090924      -0.004300
20090925      -0.004049
20090928       0.016396
20090929      -0.014265
20090930      -0.001893
20091001      -0.016938
20091002      -0.008546
20091005       0.015154
20091006       0.012462
20091007      -0.010686
20091008       0.019005
20091009       0.002684
20091012       0.002007
20091013      -0.003072
20091014       0.025720
20091015       0.002612
20091016      -0.009769
20091019       0.003946
20091020      -0.004848
20091021       0.005003
20091022       0.032228
20091023      -0.012311
20091026      -0.012850
20091027      -0.010674
20091028      -0.020263
20091029       0.013699
20091030      -0.025305
20091102       0.009651
20091103      -0.002962
20091104       0.000135
20091105       0.018766
20091106      -0.000663
20091109       0.023737
20091110       0.010233
20091111      -0.000385
20091112      -0.009620
20091113       0.001425
20091116       0.009053
20091117       0.009741
20091118      -0.005966
20091119      -0.007069
20091120      -0.007896
20091123       0.014222
20091124      -0.001544
20091125       0.003866
20091127      -0.014889
20091130       0.008990
20091201       0.015367
20091202      -0.002798
20091203      -0.016069
20091204       0.014128
20091207      -0.004218
20091208      -0.010268
20091209       0.034107
20091210       0.011788
20091211       0.013262
20091214       0.001957
20091215       0.009645
20091216      -0.011850
20091217      -0.015296
20091218       0.006213
20091221       0.005681
20091222       0.006509
20091223       0.002806
20091224       0.004380
20091228       0.010902
20091229       0.008149
20091230      -0.002734
20091231      -0.014660
20100104       0.004234
20100105      -0.006264
20100106       0.014182
20100107       0.000717
20100108       0.007046
20100111      -0.004032
20100112       0.000834
20100113      -0.003212
20100114      -0.003342
20100115      -0.001557
20100119       0.020991
20100120      -0.004699
20100121      -0.023843
20100122      -0.014752
20100125       0.004296
20100126      -0.002444
20100127       0.008208
20100128      -0.018834
20100129      -0.003220
20100201      -0.000621
20100202      -0.000124
20100203       0.013303
20100204      -0.028098
20100205      -0.008459
20100208      -0.012860
20100209       0.015349
20100210      -0.001270
20100211       0.020987
20100212      -0.013579
20100216       0.016292
20100217       0.002423
20100218       0.012104
20100219       0.005055
20100222      -0.010304
20100223      -0.012023
20100224       0.004516
20100225      -0.004121
20100226       0.005142
20100301       0.005365
20100302       0.006825
20100303      -0.001602
20100304       0.000247
20100305       0.017527
20100308      -0.013707
20100309       0.008363
20100310      -0.005245
20100311      -0.003678
20100312       0.001477
20100315      -0.001475
20100316       0.004922
20100317       0.006368
20100318       0.018131
20100319      -0.020437
20100322      -0.001464
20100323       0.006232
20100324      -0.008986
20100325      -0.008332
20100326       0.000865
20100329       0.004444
20100330       0.035890
20100331      -0.008424
20100401       0.003350
20100405       0.004055
20100406       0.001900
20100407      -0.008180
20100408      -0.008487
20100409       0.006510
20100412      -0.002515
20100413       0.007925
20100414       0.005361
20100415       0.007228
20100416      -0.014588
20100419       0.001671
20100420       0.016329
20100421       0.005043
20100422       0.004084
20100423       0.006159
20100426       0.009933
20100427       0.006061
20100428       0.003069
20100429       0.012353
20100430      -0.007388
20100503       0.012857
20100504      -0.023717
20100505      -0.012432
20100506      -0.027139
20100507      -0.019112
20100510       0.040421
20100511      -0.010818
20100512       0.016463
20100513      -0.009833
20100514      -0.010632
20100517       0.000000
20100518      -0.007794
20100519      -0.011366
20100520      -0.035861
20100521       0.014074
20100524      -0.013755
20100525      -0.001508
20100526      -0.003775
20100527       0.028546
20100528      -0.026035
20100601      -0.015635
20100602       0.008582
20100603      -0.005080
20100604      -0.028593
20100607      -0.017871
20100608       0.002408
20100609      -0.001735
20100610       0.035299
20100611       0.011236
20100614      -0.002043
20100615       0.020860
20100616       0.013915
20100617       0.001855
20100618       0.001851
20100621       0.003572
20100622      -0.017675
20100623       0.001125
20100624      -0.024214
20100625       0.009210
20100628       0.001014
20100629      -0.006204
20100630       0.006370
20100701      -0.005570
20100702      -0.011203
20100706       0.006051
20100707       0.030458
20100708       0.008694
20100709       0.011574
20100712       0.001217
20100713       0.015682
20100714      -0.005984
20100715       0.000120
20100716      -0.025403
20100719       0.003335
20100720       0.011943
20100721       0.001338
20100722       0.029769
20100723       0.016755
20100726       0.013346
20100727      -0.005955
20100728      -0.001267
20100729      -0.004037
20100730      -0.009266
20100802       0.021861
20100803      -0.002288
20100804       0.009059
20100805      -0.003182
20100806      -0.004902
20100809       0.008477
20100810      -0.010451
20100811      -0.034554
20100812      -0.001070
20100813       0.000000
20100816      -0.006904
20100817       0.007911
20100818       0.000535
20100819      -0.021529
20100820      -0.014057
20100823       0.005207
20100824      -0.007770
20100825       0.003729
20100826      -0.012012
20100827       0.015292
20100830      -0.016667
20100831      -0.013810
20100901       0.031318
20100902       0.010616
20100903       0.019665
20100907      -0.016052
20100908       0.007426
20100909       0.002538
20100910       0.011813
20100913       0.010960
20100914      -0.002710
20100915      -0.000591
20100916       0.004374
20100917       0.013184
20100920       0.015569
20100921      -0.009839
20100922       0.000924
20100923      -0.012698
20100924       0.016719
20100927      -0.008855
20100928       0.009862
20100929       0.001494
20100930      -0.005277
20101001       0.010495
20101004      -0.010500
20101005       0.024914
20101006       0.011591
20101007      -0.011013
20101008       0.002925
20101011      -0.010206
20101012      -0.001133
20101013       0.011231
20101014      -0.000785
20101015       0.000786
20101018       0.005834
20101019      -0.012380
20101020       0.010390
20101021       0.012071
20101022      -0.001215
20101025       0.005086
20101026      -0.004730
20101027      -0.001105
20101028      -0.058648
20101029      -0.009992
20101101      -0.002850
20101102       0.009764
20101103       0.005896
20101104       0.020399
20101105      -0.008042
20101108      -0.005559
20101109      -0.006522
20101110       0.011137
20101111       0.002899
20101112      -0.003006
20101115      -0.000464
20101116      -0.022738
20101117       0.002790
20101118       0.019059
20101119      -0.006312
20101122      -0.001294
20101123      -0.015430
20101124       0.012801
20101126      -0.003071
20101129      -0.002133
20101130      -0.002850
20101201       0.024649
20101202       0.005346
20101203       0.004971
20101206      -0.000690
20101207      -0.030962
20101208       0.005820
20101209      -0.006731
20101210       0.002497
20101213       0.011622
20101214       0.006331
20101215      -0.000349
20101216       0.006876
20101217      -0.000347
20101220       0.011231
20101221      -0.009274
20101222       0.002196
20101223      -0.002883
20101227       0.006245
20101228      -0.003103
20101229       0.000231
20101230      -0.002536
20101231      -0.002773
20110103       0.005678
20110104      -0.001383
20110105       0.000000
20110106      -0.006115
20110107       0.001045
20110110       0.010669
20110111       0.006770
20110112       0.010486
20110113      -0.006993
20110114       0.000681
20110118       0.000454
20110119      -0.002042
20110120       0.000910
20110121       0.014198
20110124       0.011535
20110125      -0.020151
20110126       0.012090
20110127      -0.004242
20110128      -0.019621
20110131       0.005489
20110201      -0.001479
20110202      -0.000456
20110203       0.002279
20110204       0.003866
20110207       0.005663
20110208       0.007659
20110209       0.014642
20110210      -0.003525
20110211       0.014813
20110214       0.001089
20110215       0.001088
20110216       0.009565
20110217       0.004332
20110218       0.002480
20110222      -0.010327
20110223      -0.018913
20110224      -0.002548
20110225       0.002444
20110228       0.021939
20110301      -0.019191
20110302       0.009507
20110303       0.016316
20110304      -0.006680
20110307       0.002278
20110308       0.014610
20110309      -0.006187
20110310      -0.033916
20110311       0.017776
20110314      -0.006440
20110315      -0.016700
20110316      -0.021788
20110317       0.013021
20110318       0.003270
20110321       0.022140
20110322      -0.002749
20110323       0.015877
20110324       0.004775
20110325      -0.003349
20110328      -0.001626
20110329       0.007816
20110330      -0.003985
20110331       0.011139
20110401      -0.003957
20110404       0.005476
20110405      -0.002670
20110406       0.004604
20110407      -0.006715
20110408       0.000322
20110411       0.006222
20110412      -0.015245
20110413       0.005305
20110414       0.000862
20110415      -0.001291
20110418      -0.014760
20110419       0.004483
20110420       0.020684
20110421       0.001706
20110425       0.002130
20110426       0.019337
20110427       0.005524
20110428       0.007878
20110429      -0.000206
20110502      -0.002983
20110503      -0.000929
20110504      -0.006506
20110505      -0.013306
20110506       0.007164
20110509       0.004079
20110510      -0.002917
20110511      -0.001985
20110512       0.011830
20110513      -0.006622
20110516      -0.005729
20110517      -0.016761
20110518       0.006712
20110519       0.008197
20110520      -0.012142
20110523      -0.011437
20110524      -0.005622
20110525       0.007829
20110526       0.001402
20110527       0.007003
20110531       0.009736
20110601      -0.031151
20110602       0.000219
20110603      -0.008310
20110606      -0.000882
20110607       0.002538
20110608       0.000660
20110609       0.011550
20110610      -0.013375
20110613       0.006282
20110614       0.014129
20110615      -0.016848
20110616       0.006042
20110617       0.002184
20110620       0.008499
20110621       0.009399
20110622      -0.006743
20110623      -0.004957
20110624      -0.015703
20110627       0.014963
20110628       0.008347
20110629       0.000968
20110630       0.018688
20110701       0.019188
20110705      -0.005483
20110706       0.011442
20110707       0.007507
20110708      -0.003573
20110711      -0.010858
20110712      -0.007042
20110713       0.003233
20110714      -0.012579
20110715       0.005159
20110718      -0.009113
20110719      -0.003488
20110720      -0.000212
20110721       0.016870
20110722      -0.004800
20110725      -0.003250
20110726      -0.054065
20110727      -0.020572
20110728      -0.005790
20110729      -0.004910
20110801      -0.004246
20110802      -0.017287
20110803       0.010672
20110804      -0.045834
20110805       0.006324
20110808      -0.050272
20110809       0.052170
20110810      -0.053936
20110811       0.038221
20110812       0.016252
20110815       0.009329
20110816      -0.014164
20110817      -0.007914
20110818      -0.043371
20110819      -0.007104
20110822       0.001041
20110823       0.035348
20110824       0.007782
20110825      -0.026155
20110826       0.023277
20110829       0.026122
20110830      -0.000365
20110831       0.011088
20110901      -0.016510
20110902      -0.027693
20110906      -0.016005
20110907       0.031890
20110908      -0.016259
20110909      -0.032930
20110912       0.020483
20110913      -0.005242
20110914       0.020949
20110915       0.014980
20110916      -0.001240
20110919      -0.016391
20110920       0.000000
20110921      -0.036233
20110922      -0.045062
20110923       0.014952
20110926       0.016218
20110927       0.014497
20110928      -0.035134
20110929       0.012636
20110930      -0.036764
