data            ibm           sp
19260130      -0.010381      0.022472
19260227      -0.024476     -0.043956
19260331      -0.115591     -0.059113
19260430       0.089783      0.022688
19260528       0.036932      0.007679
19260630       0.068493      0.043184
19260731       0.000000      0.045455
19260831       0.000000      0.017081
19260930       0.065104      0.022901
19261030       0.032258     -0.031343
19261130       0.031250      0.022342
19261231       0.030303      0.016579
19270131       0.023041     -0.020756
19270228       0.081081      0.047691
19270331       0.183333      0.006503
19270430       0.078571      0.017229
19270531       0.149007      0.052223
19270630      -0.048991     -0.009390
19270730        0.0          0.064997
19270831       0.119632      0.044501
19270930       0.019178      0.043214
19271031      -0.008152     -0.053092
19271130       0.090411      0.067776
19271231       0.218593      0.019042
19280131       0.041667     -0.005096
19280229       0.028000     -0.017644
19280331       0.004864      0.108343
19280430      -0.006843      0.032410
19280531      -0.015748      0.012658
19280630      -0.004000     -0.040500
19280731      -0.010142      0.012507
19280831       0.071721      0.074112
19280929       0.078394      0.023958
19281031       0.035778      0.014506
19281130       0.105354      0.119926
19281231       0.031953      0.002883
19290131      -0.020032      0.057084
19290228       0.053148     -0.005828
19290328       0.001553     -0.002345
19290430       0.124219      0.016060
19290531      -0.011814     -0.042791
19290629       0.188467      0.112364
19290731       0.109524      0.045619
19290830       0.034335      0.097992
19290930      -0.048237     -0.048880
19291031      -0.189041     -0.199271
19291127      -0.222973     -0.133747
19291231       0.194261      0.025335
19300131       0.010802      0.062471
19300228       0.067939      0.021501
19300331       0.049321      0.079897
19300430      -0.004121     -0.009547
19300529       0.075862     -0.016466
19300630      -0.105128     -0.164557
19300731       0.000000      0.036657
19300829       0.040462      0.007544
19300930      -0.112500     -0.130089
19301031      -0.097946     -0.088757
19301129       0.022767     -0.021842
19301231       0.089555     -0.074231
19310131       0.025000      0.048892
19310228       0.125203      0.114357
19310331      -0.049133     -0.069158
19310430      -0.023006     -0.095866
19310529      -0.211931     -0.137177
19310630       0.191235      0.139017
19310731      -0.091216     -0.074174
19310831       0.070632      0.009468
19310930      -0.229167     -0.299423
19311031       0.114155      0.084449
19311130      -0.016393     -0.097816
19311231      -0.074687     -0.145263
19320130      -0.045564     -0.028325
19320229       0.023869      0.050697
19320331      -0.042945     -0.118215
19320430      -0.166667     -0.202462
19320531      -0.162500     -0.233276
19320630      -0.048507     -0.008949
19320730       0.200803      0.376975
19320831       0.351171      0.375410
19320930       0.024752     -0.036949
19321031      -0.132353     -0.138614
19321130      -0.097458     -0.058908
19321231       0.145540      0.051908
19330131       0.020833      0.007257
19330228      -0.167347     -0.184438
19330331        0.0          0.033569
19330429       0.470588      0.422222
19330531       0.081081      0.158654
19330630       0.137500      0.131743
19330731       0.029630     -0.087993
19330831       0.061151      0.114573
19330930      -0.094915     -0.113616
19331031      -0.016098     -0.088505
19331129       0.124158      0.102679
19331230      -0.011986      0.022267
19340131       0.029772      0.105941
19340228      -0.020408     -0.036705
19340331      -0.065972     -0.000929
19340430       0.075188     -0.026977
19340531      -0.066434     -0.081262
19340630       0.057116      0.020812
19340731      -0.043868     -0.115189
19340831       0.029963      0.054147
19340929       0.036364     -0.005464
19341031      -0.014184     -0.031868
19341130       0.111511      0.082860
19341231       0.016505     -0.004193
19350131      -0.006557     -0.042105
19350228       0.049505     -0.039560
19350330       0.010220     -0.030892
19350430       0.093480      0.095632
19350531      -0.008621      0.032328
19350629       0.034783      0.067850
19350731       0.033898      0.083089
19350831      -0.006831      0.021661
19350930      -0.013755      0.023852
19351031       0.014065      0.075065
19351130       0.012483      0.039326
19351231       0.014938      0.037066
19360131       0.024527      0.065525
19360229      -0.047880      0.016771
19360331       0.034483      0.025430
19360430      -0.092437     -0.077078
19360529       0.024691      0.045752
19360630       0.045181      0.030556
19360731      -0.045058      0.068059
19360831       0.022831      0.008833
19360930       0.024182      0.001251
19361031       0.002565      0.074953
19361130       0.114035      0.004067
19361231      -0.001312     -0.005787
19370130      -0.044371      0.037835
19370227      -0.015939      0.014582
19370331      -0.045387     -0.009397
19370430       0.016419     -0.083147
19370528      -0.070769     -0.010347
19370630       0.003311     -0.052891
19370731       0.070000      0.102597
19370831      -0.065421     -0.055359
19370930      -0.015000     -0.142145
19371030      -0.022222     -0.101744
19371130      -0.076923     -0.101133
19371231       0.047348     -0.050405
19380131       0.071298      0.013270
19380228       0.047782      0.060804
19380331      -0.100489     -0.250441
19380430       0.069231      0.141177
19380531       0.017986     -0.044330
19380630       0.095406      0.247033
19380730       0.065147      0.072664
19380831      -0.006116     -0.027419
19380930       0.012308      0.014925
19381031       0.070552      0.075980
19381130       0.008596     -0.033409
19381231       0.059659      0.037706
19390131      -0.039865     -0.068887
19390228       0.037298      0.032520
19390331      -0.034057     -0.135433
19390429      -0.014881     -0.005464
19390531       0.070242      0.062271
19390630      -0.003529     -0.063793
19390731       0.068571      0.108656
19390831      -0.093583     -0.071429
19390930      -0.014749      0.164580
19391031       0.087613     -0.014593
19391130       0.000000     -0.049104
19391230       0.039583      0.023770
19400131      -0.028956     -0.035228
19400229       0.051318      0.006639
19400330      -0.006794      0.009893
19400430      -0.013361     -0.004898
19400531      -0.161796     -0.239541
19400629      -0.047619      0.076591
19400731       0.025271      0.031062
19400831       0.005282      0.026239
19400930       0.094571      0.009470
19401031       0.017771      0.039400
19401130       0.006349     -0.042419
19401231       0.017350     -0.002828
19410131       0.000704     -0.048204
19410228      -0.014778     -0.014896
19410331       0.033750      0.004032
19410430      -0.081807     -0.065261
19410531       0.066489      0.004296
19410630       0.034913      0.053476
19410731       0.025953      0.054822
19410830      -0.007115     -0.008662
19410930       0.025478     -0.009709
19411031      -0.031348     -0.068627
19411129       0.003236     -0.042105
19411231      -0.016129     -0.045055
19420131      -0.111672      0.013809
19420228      -0.037182     -0.024972
19420331      -0.036585     -0.067520
19420430      -0.008547     -0.043695
19420529       0.039332      0.063969
19420630       0.105236      0.018405
19420731       0.028463      0.031325
19420831       0.018450      0.007009
19420930       0.003623      0.026682
19421031       0.020073      0.064407
19421130       0.059034     -0.013800
19421231       0.020270      0.051668
19430130       0.079849      0.071648
19430227       0.011382      0.050621
19430331       0.042208      0.052727
19430430       0.006231      0.000864
19430529       0.049536      0.044866
19430630       0.008929      0.019818
19430731      -0.014749     -0.054251
19430831       0.032934      0.010274
19430930       0.019006      0.023729
19431030      -0.010043     -0.013245
19431130      -0.031884     -0.075503
19431231       0.045317      0.058984
19440131      -0.028902      0.015424
19440229      -0.021875     -0.002532
19440331       0.108065      0.016920
19440429      -0.009461     -0.012479
19440531       0.013960      0.040438
19440630       0.005848      0.051012
19440731       0.012718     -0.020801
19440831       0.037675      0.008655
19440930       0.006974     -0.003120
19441031      -0.036011       0.0    
19441130       0.064655      0.003912
19441230       0.006803      0.035074
19450131      -0.015270      0.014307
19450228       0.049712      0.061618
19450331      -0.008997     -0.046154
19450430       0.044693      0.087977
19450531       0.044118      0.011456
19450630      -0.015484     -0.003331
19450731       0.005242     -0.020053
19450831       0.014342      0.057981
19450929       0.041451      0.041908
19451031       0.104478      0.030322
19451130       0.099099      0.032432
19451231      -0.018557      0.009889
19460131       0.024160      0.069700
19460228       0.033333     -0.069467
19460330       0.057500      0.046296
19460430       0.125296      0.037611
19460531       0.048319      0.022388
19460628      -0.016129     -0.039103
19460731       0.012295     -0.025502
19460830      -0.062753     -0.072940
19460930      -0.082609     -0.101502
19461031      -0.009479     -0.008021
19461130       0.002990     -0.011456
19461231       0.009610      0.042945
19470131       0.051755      0.023529
19470228      -0.038462     -0.014687
19470331      -0.011848     -0.016850
19470430      -0.071942     -0.038893
19470529       0.041344     -0.008916
19470630       0.030000      0.052595
19470731       0.043689      0.036160
19470829       0.000000     -0.027919
19470930       0.002342     -0.013708
19471031       0.011682      0.021178
19471129       0.055139     -0.028516
19471231       0.057560      0.020680
19480131      -0.087500     -0.039869
19480228       0.078767     -0.046971
19480331       0.048507      0.077143
19480430       0.007117      0.026525
19480528       0.038869      0.078165
19480630       0.000000      0.002996
19480730      -0.047945     -0.053166
19480831       0.084532      0.007571
19480930      -0.048414     -0.030056
19481030       0.080702      0.067786
19481130      -0.028409     -0.108223
19481231       0.049622      0.030508
19490131       0.053365      0.001316
19490228      -0.047923     -0.039422
19490331       0.048986      0.030096
19490430       0.030596     -0.021248
19490531       0.000000     -0.037313
19490630      -0.047170     -0.002114
19490729       0.102310      0.062147
19490831       0.000000      0.011968
19490930       0.060241      0.023653
19491031       0.117898      0.029525
19491130      -0.013977      0.001247
19491231       0.176166      0.043587
19500131       0.054626      0.017303
19500228      -0.008772      0.009971
19500331       0.037778      0.004065
19500429      -0.019272      0.045113
19500531       0.021834      0.039292
19500630      -0.098712     -0.058040
19500731      -0.095238      0.008479
19500831       0.094737      0.032511
19500929       0.028986      0.055917
19501031      -0.009390      0.004113
19501130       0.010664     -0.001024
19501230       0.017668      0.046130
19510131       0.057292      0.061244
19510228      -0.041379      0.006464
19510331      -0.018072     -0.018349
19510430       0.006135      0.048131
19510531      -0.002439     -0.040571
19510629      -0.017199     -0.026022
19510731       0.070000      0.068702
19510831       0.039720      0.039286
19510928      -0.020316     -0.000859
19511031      -0.064516     -0.013758
19511130       0.009852     -0.002616
19511231       0.071078      0.038899
19520131      -0.032895      0.015566
19520229      -0.048447     -0.036454
19520331       0.007874      0.047721
19520430      -0.013021     -0.043086
19520529       0.060686      0.023156
19520630       0.095000      0.046102
19520731      -0.004566      0.017628
19520829      -0.008028     -0.014567
19520930      -0.019744     -0.019577
19521031       0.021327     -0.000815
19521128       0.071926      0.046493
19521231       0.073967      0.035464
19530130      -0.013815     -0.007151
19530227       0.028017     -0.018196
19530331       0.014737     -0.023552
19530430      -0.049793     -0.026493
19530529       0.050218     -0.003249
19530630      -0.030271     -0.016300
19530731       0.033369      0.025269
19530831      -0.004167     -0.057778
19530930      -0.029412      0.001286
19531030       0.008658      0.050964
19531130       0.032189      0.008965
19531231       0.057098      0.002019
19540129       0.054656      0.051189
19540226       0.044146      0.002684
19540331       0.232472      0.030210
19540430       0.005988      0.048998
19540528       0.067708      0.032909
19540630       0.048951      0.000685
19540730      -0.005000      0.057172
19540831      -0.048576     -0.034003
19540930       0.035336      0.083138
19541029       0.063140     -0.019499
19541130       0.186196      0.080808
19541231      -0.017639      0.050818
19550131       0.026243      0.018066
19550228       0.004038      0.003549
19550331       0.067204     -0.004897
19550429       0.078086      0.037726
19550531      -0.021028     -0.001317
19550630      -0.007177      0.082300
19550729       0.015663      0.060687
19550831      -0.039146     -0.007813
19550930      -0.017327      0.011348
19551031      -0.042821     -0.030456
19551130       0.047368      0.074870
19551230       0.040491     -0.000659
19560131      -0.032258     -0.036500
19560229       0.051282      0.034687
19560329       0.210269      0.069255
19560430       0.070707     -0.002063
19560531       0.015330     -0.065730
19560629       0.139697      0.039159
19560731       0.052094      0.051522
19560831      -0.057282     -0.038064
19560928      -0.065015     -0.045464
19561031       0.030905      0.005072
19561130       0.047109     -0.010970
19561231       0.106557      0.035271
19570131      -0.040741     -0.041783
19570228      -0.016409     -0.032648
19570329       0.021632      0.019649
19570430       0.101059      0.036953
19570531       0.059732      0.036948
19570628       0.123939     -0.001265
19570731       0.016616      0.011400
19570830      -0.059138     -0.056147
19570930      -0.049051     -0.061920
19571031      -0.006656     -0.032060
19571129       0.040536      0.016074
19571231       0.008468     -0.041467
19580131       0.054098      0.042761
19580228       0.023795     -0.020624
19580331       0.053272      0.030852
19580430       0.014451      0.031829
19580529      -0.004558      0.014963
19580630       0.058065      0.026083
19580731       0.001355      0.043103
19580829       0.008525      0.011867
19580930       0.096774      0.048377
19581031       0.066176      0.025370
19581128       0.029080      0.022404
19581231       0.226790      0.052020
19590130      -0.064953      0.003804
19590227       0.058771     -0.000180
19590331       0.026465      0.000541
19590430       0.079190      0.038781
19590529       0.204352      0.018927
19590630      -0.046809     -0.003579
19590731      -0.044643      0.034890
19590831      -0.007009     -0.015039
19590930      -0.030624     -0.045638
19591030      -0.006075      0.011252
19591130       0.067482      0.013213
19591231       0.005161      0.027625
19600129      -0.050770     -0.071464
19600229       0.006611      0.009171
19600331       0.050239     -0.013899
19600429       0.030752     -0.017528
19600531       0.115470      0.026853
19600630       0.035714      0.019524
19600729       0.004789     -0.024772
19600831       0.023356      0.026121
19600930      -0.037313     -0.060393
19601031      -0.009690     -0.002429
19601130       0.091487      0.040270
19601230       0.064632      0.046273
19610131       0.072513      0.063156
19610228       0.062500      0.026870
19610330       0.029630      0.025536
19610428       0.027338      0.003843
19610531       0.027521      0.019139
19610630      -0.026612     -0.028846
19610731       0.024185      0.032797
19610831       0.067967      0.019623
19610929       0.035611     -0.019686
19611031       0.092007      0.028323
19611130      -0.011745      0.039347
19611229      -0.001724      0.003225
19620131      -0.063903     -0.037876
19620228      -0.007841      0.016270
19620330      -0.007914     -0.005860
19620430      -0.147818     -0.061970
19620531      -0.133811     -0.085990
19620629      -0.135669     -0.081838
19620731       0.140752      0.063562
19620831       0.025840      0.015284
19620928      -0.107886     -0.048207
19621031      -0.021216      0.004443
19621130       0.153902      0.101557
19621231      -0.021330      0.013492
19630131       0.086538      0.049128
19630228      -0.054277     -0.028852
19630329       0.053158      0.035464
19630430       0.101544      0.048520
19630531       0.031267      0.014327
19630628      -0.085909     -0.020198
19630731      -0.004011     -0.003460
19630830       0.025892      0.048749
19630930       0.016301     -0.011034
19631031       0.092920      0.032218
19631129      -0.015182     -0.010539
19631231       0.044822      0.024444
19640131       0.069034      0.026926
19640228       0.052122      0.009865
19640331       0.044376      0.015167
19640430      -0.040387      0.006077
19640528       0.054910      0.011452
19640630      -0.006250      0.016424
19640731      -0.031447      0.018240
19640831      -0.043831     -0.016230
19640930      -0.009081      0.028718
19641030      -0.037801      0.008078
19641130      -0.014881     -0.005185
19641231      -0.007273      0.003909
19650129       0.095238      0.033156
19650226       0.019509     -0.001485
19650331      -0.003291     -0.014526
19650430       0.067694      0.034239
19650528      -0.011340     -0.007743
19650630      -0.041841     -0.048632
19650730       0.045852      0.013433
19650831       0.044885      0.022522
19650930       0.027054      0.032006
19651029       0.040000      0.027345
19651130      -0.012195     -0.008764
19651231      -0.049524      0.008951
19660131      -0.006012      0.004869
19660228       0.041331     -0.017873
19660331       0.001942     -0.021815
19660429       0.080426      0.020509
19660531      -0.021031     -0.054140
19660630      -0.029680     -0.016138
19660729      -0.027817     -0.013453
19660831      -0.056200     -0.077751
19660930      -0.009360     -0.007004
19661031       0.045669      0.047544
19661130       0.135843      0.003117
19661230      -0.011968     -0.001492
19670131       0.075370      0.078178
19670228       0.079099      0.001963
19670331       0.048837      0.039410
19670428       0.100887      0.042239
19670531      -0.035234     -0.052441
19670630       0.067024      0.017512
19670731       0.020603      0.045344
19670831      -0.013589     -0.011715
19670929       0.097049      0.032785
19671031       0.082535     -0.029056
19671130       0.033024      0.001065
19671229       0.024510      0.026277
19680131      -0.051834     -0.043848
19680229      -0.022204     -0.031223
19680329       0.056034      0.009400
19680430       0.106122      0.081929
19680531       0.055793      0.011169
19680628      -0.009104      0.009120
19680730      -0.042403     -0.018478
19680830      -0.009151      0.011459
19680930       0.000000      0.038539
19681031      -0.081642      0.007208
19681129       0.087134      0.047964
19681231      -0.056180     -0.041617
19690131      -0.059524     -0.008184
19690228      -0.007004     -0.047374
19690328       0.070303      0.034444
19690430       0.044586      0.021476
19690529      -0.025000     -0.002218
19690630       0.058777     -0.055577
19690731      -0.039230     -0.060178
19690829       0.066256      0.040074
19690930       0.000725     -0.025024
19691031       0.044171      0.044244
19691128      -0.006935     -0.035274
19691231       0.021008     -0.018655
19700130      -0.080247     -0.076472
19700227       0.018494      0.052693
19700331      -0.005143      0.001453
19700430      -0.119645     -0.090483
19700529      -0.063087     -0.060967
19700630      -0.100719     -0.050033
19700731       0.013800      0.073295
19700831       0.055500      0.044459
19700930       0.095775      0.032998
19701030       0.011825     -0.011400
19701130       0.045068      0.047447
19701231       0.034174      0.056766
19710129       0.024390      0.040477
19710226       0.037788      0.009074
19710331       0.062407      0.036796
19710430       0.000699      0.036288
19710528      -0.082320     -0.041558
19710630      -0.030581      0.000703
19710730      -0.081230     -0.041324
19710831       0.048240      0.036095
19710930      -0.000822     -0.006968
19711029      -0.010700     -0.041794
19711130       0.020965     -0.002547
19711231       0.101473      0.086179
19720131       0.093611      0.018121
19720229       0.005027      0.025303
19720330       0.037313      0.005912
19720428       0.009810      0.004384
19720531       0.033938      0.017275
19720630      -0.014456     -0.021821
19720731       0.022321      0.002333
19720831       0.022707      0.034454
19720929      -0.004896     -0.004861
19721031      -0.051661      0.009317
19721130       0.017769      0.045617
19721229       0.028133      0.011828
19730131       0.083333     -0.017111
19730228      -0.005970     -0.037490
19730330       0.000000     -0.001433
19730430      -0.054461     -0.040800
19730531      -0.032261     -0.018884
19730629       0.007149     -0.006575
19730731      -0.007886      0.037982
19730831      -0.039364     -0.036685
19730928      -0.142857      0.040096
19731031       0.086240     -0.001291
19731130      -0.050419     -0.113861
19731231      -0.068868      0.016569
19740131      -0.006079     -0.010046
19740228      -0.024852     -0.003624
19740329      -0.008933     -0.023280
19740430      -0.036055     -0.039051
19740531      -0.059274     -0.033551
19740628       0.001176     -0.014665
19740731      -0.052291     -0.077791
19740830      -0.040298     -0.090279
19740930      -0.171875     -0.119335
19741031       0.189465      0.163047
19741129      -0.054858     -0.053180
19741231      -0.052186     -0.020151
19750131       0.120536      0.122812
19750228       0.152722      0.059886
19750331      -0.041183      0.021694
19750430       0.015729      0.047265
19750530       0.031566      0.044101
19750630      -0.027907      0.044323
19750731      -0.089713     -0.067654
19750829      -0.011827     -0.021070
19750930       0.010738     -0.034645
19751031       0.127490      0.061643
19751128       0.074794      0.024708
19751231      -0.009387     -0.011508
19760130       0.149387      0.118306
19760227      -0.001455     -0.011402
19760331       0.024939      0.030689
19760430      -0.032920     -0.010995
19760528       0.019734     -0.014364
19760630       0.078422      0.040926
19760730      -0.016712     -0.008055
19760831       0.013780     -0.005124
19760930       0.028323      0.022641
19761029      -0.034207     -0.022235
19761130       0.005520     -0.007775
19761231       0.029982      0.052498
19770131      -0.013883     -0.050530
19770228       0.011807     -0.021660
19770331       0.001812     -0.014025
19770429      -0.064195      0.000203
19770531      -0.041546     -0.023568
19770630       0.075356      0.045360
19770729       0.015625     -0.016222
19770831       0.010256     -0.021042
19770930      -0.027480     -0.002480
19771031      -0.014368     -0.043406
19771130       0.035957      0.026966
19771230       0.035985      0.002847
19780131      -0.029250     -0.061514
19780228      -0.042825     -0.024762
19780331      -0.062687      0.024931
19780428       0.129512      0.085416
19780531      -0.018308      0.004234
19780630      -0.003872     -0.017585
19780731       0.092323      0.053910
19780831       0.048950      0.025924
19780929      -0.050964     -0.007261
19781031      -0.046029     -0.091574
19781130       0.030766      0.016640
19781229       0.107607      0.014889
19790131       0.034338      0.039746
19790228      -0.017198     -0.036526
19790330       0.051667      0.055152
19790430      -0.003962      0.001673
19790531      -0.021671     -0.026336
19790629      -0.034539      0.038656
19790731      -0.049404      0.008746
19790831       0.015914      0.053078
19790928      -0.032143      0.000000
19791031      -0.079336     -0.068606
19791130       0.059880      0.042624
19791231      -0.013410      0.016767
19800131       0.066019      0.057625
19800229      -0.062149     -0.004380
19800331      -0.122047     -0.101795
19800430      -0.015695      0.041140
19800530       0.024784      0.046571
19800630       0.060948      0.026969
19800731       0.110638      0.065039
19800829       0.017011      0.005835
19800930      -0.020992      0.025168
19801031       0.038986      0.016021
19801128       0.035422      0.102377
19801231      -0.003670     -0.033874
19810130      -0.051565     -0.045742
19810227       0.011417      0.013277
19810331      -0.029183      0.036033
19810430      -0.060120     -0.023456
19810529       0.016802     -0.001657
19810630      -0.014894     -0.010408
19810731      -0.030238     -0.002210
19810831      -0.002494     -0.062099
19810930      -0.018141     -0.053832
19811030      -0.048499      0.049148
19811130       0.074951      0.036590
19811231       0.043578     -0.030075
19820129       0.118681     -0.017544
19820226      -0.013988     -0.060548
19820331      -0.034343     -0.010167
19820430       0.075314      0.040014
19820528      -0.029416     -0.039162
19820630      -0.014228     -0.020290
19820730       0.082474     -0.022991
19820831       0.087390      0.115977
19820930       0.040780      0.007614
19821029       0.088586      0.110364
19821130       0.093709      0.036123
19821231       0.112717      0.015158
19830131       0.027273      0.033134
19830228       0.009962      0.018995
19830331       0.027778      0.033095
19830429       0.149877      0.074922
19830531      -0.041026     -0.012346
19830630       0.080899      0.035224
19830729       0.001040     -0.033014
19830831       0.000623      0.011319
19830930       0.061715      0.010158
19831031      -0.000985     -0.015174
19831130      -0.066469      0.017426
19831230       0.039404     -0.008834
19840131      -0.064549     -0.009216
19840229      -0.025630     -0.038859
19840330       0.034014      0.013498
19840430      -0.002193      0.005466
19840531      -0.044396     -0.059356
19840629      -0.018561      0.017469
19840731       0.047281     -0.016451
19840831       0.127314      0.106332
19840928       0.004040     -0.003480
19841031       0.011871     -0.000060
19841130      -0.023069     -0.015112
19841231       0.011294      0.022374
19850131       0.107614      0.074085
19850228      -0.009349      0.008685
19850329      -0.052239     -0.002925
19850430      -0.003937     -0.004594
19850531       0.025494      0.054051
19850628      -0.037901      0.012134
19850731       0.061616     -0.004848
19850830      -0.027783     -0.011995
19850930      -0.021718     -0.034724
19851031       0.048436      0.042509
19851129       0.084504      0.065062
19851231       0.112701      0.045061
19860131      -0.025723      0.002367
19860228       0.003135      0.071489
19860331       0.004143      0.052794
19860430       0.031353     -0.014148
19860530      -0.017760      0.050229
19860630      -0.038556      0.014110
19860731      -0.095563     -0.058683
19860829       0.055472      0.071193
19860930      -0.030631     -0.085439
19861031      -0.080855      0.054729
19861128       0.037209      0.021477
19861231      -0.056047     -0.028288
19870130       0.072917      0.131767
19870227       0.092039      0.036924
19870331       0.076165      0.026390
19870430       0.066611     -0.011450
19870529       0.006089      0.006034
19870630       0.015625      0.047915
19870731      -0.009231      0.048224
19870831       0.052640      0.034959
19870930      -0.104677     -0.024166
19871030      -0.187396     -0.217630
19871130      -0.086939     -0.085349
19871231       0.042889      0.072861
19880129      -0.027056      0.040432
19880229       0.055395      0.041817
19880331      -0.084043     -0.033343
19880429       0.053426      0.009425
19880531       0.001985      0.003176
19880630       0.132222      0.043256
19880729      -0.012758     -0.005411
19880831      -0.104573     -0.038600
19880930       0.034753      0.039729
19881031       0.062839      0.025964
19881130      -0.024669     -0.018891
19881230       0.028481      0.014688
19890131       0.071795      0.071115
19890228      -0.061435     -0.028944
19890331      -0.101852      0.020806
19890428       0.044674      0.050090
19890531      -0.027763      0.035138
19890630       0.020525     -0.007925
19890731       0.027933      0.088370
19890831       0.029000      0.015517
19890929      -0.067236     -0.006544
19891031      -0.082380     -0.025175
19891130      -0.014115      0.016541
19891229      -0.035851      0.021417
19900131       0.047809     -0.068817
19900228       0.065501      0.008539
19900330       0.021661      0.024255
19900430       0.027091     -0.026887
19900531       0.112018      0.091989
19900629      -0.020833     -0.008886
19900731      -0.051064     -0.005223
19900831      -0.075471     -0.094314
19900928       0.044172     -0.051184
19901031      -0.009401     -0.006698
19901130       0.089775      0.059934
19901231      -0.005501      0.024828
19910131       0.121681      0.041518
19910228       0.025325      0.067281
19910328      -0.115534      0.022203
19910430      -0.095499      0.000346
19910531       0.042087      0.038577
19910628      -0.084806     -0.047893
19910731       0.042471      0.044859
19910830      -0.031259      0.019649
19910930       0.069677     -0.019144
19911031      -0.051870      0.011860
19911129      -0.046209     -0.043928
19911231      -0.037838      0.111588
19920131       0.011236     -0.019900
19920228      -0.021278      0.009565
19920331      -0.038849     -0.021832
19920430       0.086826      0.027893
19920529       0.013333      0.000964
19920630       0.078512     -0.017359
19920731      -0.031928      0.039374
19920831      -0.072982     -0.023998
19920930      -0.067821      0.009106
19921030      -0.171827      0.002106
19921130       0.038654      0.030262
19921231      -0.261905      0.010108
19930129       0.022333      0.007046
19930226       0.066311      0.010484
19930331      -0.064368      0.018697
19930430      -0.044226     -0.025417
19930528       0.095938      0.022717
19930630      -0.063981      0.000755
19930730      -0.098734     -0.005327
19930831       0.033708      0.034432
19930930      -0.081967     -0.009988
19931029       0.095238      0.019393
19931130       0.176630     -0.012911
19931231       0.048724      0.010091
19940131       0.000000      0.032501
19940228      -0.059735     -0.030045
19940331       0.033097     -0.045746
19940429       0.052632      0.011531
19940531       0.100000      0.012419
19940630      -0.067460     -0.026812
19940729       0.053191      0.031467
19940831       0.111111      0.037643
19940930       0.016423     -0.026898
19941031       0.070018      0.020834
19941130      -0.046980     -0.039505
19941230       0.038869      0.012299
19950131      -0.018707      0.024278
19950228       0.046794      0.036074
19950331       0.091362      0.027329
19950428       0.152207      0.027960
19950531      -0.014531      0.036312
19950630       0.032258      0.021279
19950731       0.134115      0.031776
19950831      -0.048220     -0.000320
19950929      -0.085852      0.040098
19951031       0.029101     -0.004979
19951130      -0.003856      0.041049
19951229      -0.054334      0.017444
19960131       0.187414      0.032617
19960229       0.132488      0.006934
19960329      -0.092762      0.007917
19960430      -0.031461      0.013431
19960531      -0.006032      0.022853
19960628      -0.072600      0.002257
19960731       0.085859     -0.045748
19960830       0.067209      0.018814
19960930       0.088525      0.054173
19961031       0.036145      0.026131
19961129       0.238178      0.073376
19961231      -0.049412     -0.021505
19970131       0.035479      0.061317
19970228      -0.081434      0.005928
19970331      -0.045217     -0.042614
19970430       0.169399      0.058406
19970530       0.080374      0.058577
19970630       0.043353      0.043453
19970731       0.171745      0.078123
19970829      -0.039480     -0.057446
19970930       0.045623      0.053154
19971031      -0.070755     -0.034478
19971128       0.113706      0.044587
19971231      -0.044521      0.015732
19980130      -0.056153      0.010150
19980227       0.059620      0.070449
19980331      -0.005386      0.049946
19980430       0.115523      0.009076
19980529       0.015922     -0.018826
19980630      -0.022872      0.039438
19980731       0.154056     -0.011615
19980831      -0.148340     -0.145797
19980930       0.140954      0.062396
19981030       0.155642      0.080294
19981130       0.113434      0.059126
19981231       0.116578      0.056375
19990129      -0.006102      0.041009
19990226      -0.072469     -0.032283
19990331       0.044183      0.038794
19990430       0.180183      0.037944
19990528       0.110200     -0.024970
19990630       0.114224      0.054438
19990730      -0.027563     -0.032046
19990831      -0.007996     -0.006254
19990930      -0.028600     -0.028552
19991029      -0.188017      0.062539
19991130       0.050204      0.019062
19991231       0.046695      0.057844
20000131       0.040556     -0.050904
20000229      -0.083563     -0.020108
20000331       0.148418      0.096720
20000428      -0.055085     -0.030796
20000531      -0.035830     -0.021915
20000630       0.020373      0.023934
20000731       0.026241     -0.016341
20000831       0.175142      0.060699
20000929      -0.147727     -0.053483
20001031      -0.124444     -0.004949
20001130      -0.049442     -0.080069
20001229      -0.090909      0.004053
20010131       0.317647      0.034637
20010228      -0.106875     -0.092291
20010330      -0.037237     -0.064205
20010430       0.197130      0.076814
20010531      -0.027792      0.005090
20010629       0.010733     -0.025004
20010731      -0.068938     -0.010772
20010831      -0.048665     -0.064108
20010928      -0.082341     -0.081723
20011031       0.178260      0.018099
20011130       0.070880      0.075176
20011231       0.046457      0.007574
20020131      -0.108052     -0.015574
20020228      -0.089258     -0.020766
20020328       0.059927      0.036739
20020430      -0.194615     -0.061418
20020531      -0.037727     -0.009081
20020628      -0.105034     -0.072465
20020731      -0.022222     -0.078995
20020830       0.072869      0.004881
20020930      -0.226453     -0.110013
20021031       0.353799      0.086436
20021129       0.102990      0.057070
20021231      -0.108375     -0.060333
20030131       0.009032     -0.027415
20030228      -0.001279     -0.017004
20030331       0.006158      0.008358
20030430       0.082494      0.081044
20030530       0.038869      0.050899
20030630      -0.062926      0.011322
20030731      -0.015152      0.016224
20030829       0.011323      0.017873
20030930       0.077064     -0.011944
20031031       0.013019      0.054962
20031128       0.013634      0.007129
20031231       0.023636      0.050765
20040130       0.070673      0.017276
20040227      -0.025899      0.012209
20040331      -0.048290     -0.016359
20040430      -0.039961     -0.016791
20040528       0.006805      0.012083
20040630      -0.004967      0.017989
20040730      -0.012252     -0.034291
20040831      -0.025267      0.002287
20040930       0.012398      0.009364
20041029       0.046769      0.014014
20041130       0.052033      0.038595
20041231       0.046053      0.032458
20050131      -0.052343     -0.025290
20050228      -0.007065      0.018903
20050331      -0.012962     -0.019118
20050429      -0.164150     -0.020109
20050531      -0.008248      0.029952
20050630      -0.017869     -0.000143
20050729       0.124798      0.035968
20050831      -0.031632     -0.011222
20050930      -0.004962      0.006949
20051031       0.020693     -0.017741
20051130       0.088178      0.035186
20051230      -0.075366     -0.000952
20060131      -0.010949      0.025467
20060228      -0.010578      0.000453
20060331       0.027792      0.011065
20060428      -0.001576      0.012187
20060531      -0.025990     -0.030917
20060630      -0.038548      0.000087
20060731       0.007680      0.005086
20060831       0.049864      0.021274
20060929       0.011980      0.024566
20061031       0.126800      0.031508
20061130      -0.001191      0.016467
20061229       0.056897      0.012616
20070131       0.020587      0.014059
20070228      -0.059607     -0.021846
20070330       0.014203      0.009980
20070430       0.084341      0.043291
20070531       0.046864      0.032549
20070629      -0.012664     -0.017816
20070731       0.051306     -0.031982
20070831       0.058202      0.012864
20070928       0.009512      0.035794
20071031      -0.014261      0.014822
20071130      -0.090768     -0.044043
20071231       0.027762     -0.008628
20080131      -0.009158     -0.061163
20080229       0.066754     -0.034761
20080331       0.011242     -0.005960
20080430       0.048289      0.047547
20080530       0.076471      0.010674
20080630      -0.084215     -0.085962
20080731       0.079727     -0.009859
20080829      -0.044929      0.012191
20080930      -0.039185     -0.090791
20081031      -0.205113     -0.169425
20081128      -0.116919     -0.074849
20081231       0.031373      0.007822
20090130       0.088997     -0.085657
20090227       0.009602     -0.109931
20090331       0.052809      0.085405
20090430       0.065229      0.093925
20090529       0.035074      0.053081
20090630      -0.017501      0.000196
20090731       0.129381      0.074142
20090831       0.005681      0.033560
20090930       0.013215      0.035723
20091030       0.008361     -0.019762
20091130       0.052152      0.057364
20091231       0.036011      0.017771
20100129      -0.065011     -0.036974
20100226       0.043468      0.028514
20100331       0.008572      0.058796
20100430       0.005848      0.014759
20100528      -0.023953     -0.081976
20100630      -0.014210     -0.053882
20100730       0.039844      0.068778
20100831      -0.035981     -0.047449
20100930       0.089418      0.087551
20101029       0.070523      0.036856
20101130      -0.010376     -0.002290
20101231       0.037466      0.065300
20110131       0.103843      0.022646
20110228       0.003272      0.031957
20110331       0.007351     -0.001047
20110429       0.046054      0.028495
20110531      -0.005276     -0.013501
20110630       0.015509     -0.018258
20110729       0.060041     -0.021474
20110831      -0.050536     -0.056791
20110930       0.017218     -0.071762
